 &plot nbnd=   8, nks=    95 /
            0.000000  0.000000  0.000000
  -14.011   -6.052   -4.166   -4.166   -0.986   -0.275    0.083    0.084
            0.012500  0.007217  0.000000
  -14.009   -6.051   -4.182   -4.169   -0.971   -0.273    0.082    0.091
            0.025000  0.014433  0.000000
  -14.004   -6.047   -4.231   -4.180   -0.929   -0.269    0.079    0.112
            0.037500  0.021650  0.000000
  -13.994   -6.040   -4.309   -4.197   -0.864   -0.263    0.076    0.146
            0.050000  0.028867  0.000000
  -13.982   -6.030   -4.412   -4.220   -0.784   -0.254    0.078    0.195
            0.062500  0.036083  0.000000
  -13.965   -6.018   -4.534   -4.250   -0.701   -0.243    0.092    0.256
            0.075000  0.043300  0.000000
  -13.945   -6.005   -4.673   -4.284   -0.628   -0.229    0.129    0.329
            0.087500  0.050517  0.000000
  -13.921   -5.990   -4.822   -4.324   -0.580   -0.213    0.198    0.414
            0.100000  0.057733  0.000000
  -13.894   -5.976   -4.978   -4.367   -0.562   -0.195    0.305    0.511
            0.112500  0.064950  0.000000
  -13.863   -5.966   -5.135   -4.414   -0.571   -0.175    0.444    0.617
            0.125000  0.072167  0.000000
  -13.829   -5.965   -5.286   -4.463   -0.601   -0.155    0.608    0.733
            0.137500  0.079383  0.000000
  -13.790   -5.985   -5.416   -4.515   -0.645   -0.135    0.788    0.859
            0.150000  0.086600  0.000000
  -13.749   -6.043   -5.508   -4.569   -0.697   -0.115    0.978    0.992
            0.162500  0.093817  0.000000
  -13.704   -6.149   -5.551   -4.623   -0.756   -0.097    1.133    1.173
            0.175000  0.101033  0.000000
  -13.655   -6.294   -5.554   -4.678   -0.818   -0.082    1.282    1.364
            0.187500  0.108250  0.000000
  -13.603   -6.459   -5.532   -4.733   -0.883   -0.073    1.437    1.526
            0.200000  0.115467  0.000000
  -13.547   -6.636   -5.497   -4.789   -0.949   -0.070    1.598    1.603
            0.212500  0.122683  0.000000
  -13.488   -6.819   -5.452   -4.843   -1.015   -0.077    1.589    1.764
            0.225000  0.129900  0.000000
  -13.426   -7.004   -5.401   -4.897   -1.082   -0.097    1.544    1.935
            0.237500  0.137117  0.000000
  -13.360   -7.191   -5.344   -4.950   -1.147   -0.130    1.501    2.110
            0.250000  0.144333  0.000000
  -13.292   -7.377   -5.283   -5.001   -1.212   -0.180    1.468    2.288
            0.262500  0.151550  0.000000
  -13.220   -7.563   -5.218   -5.051   -1.275   -0.247    1.452    2.384
            0.275000  0.158767  0.000000
  -13.145   -7.747   -5.149   -5.099   -1.336   -0.329    1.453    2.471
            0.287500  0.165983  0.000000
  -13.067   -7.929   -5.146   -5.077   -1.395   -0.424    1.470    2.561
            0.300000  0.173200  0.000000
  -12.986   -8.109   -5.190   -5.002   -1.453   -0.531    1.502    2.656
            0.312500  0.180417  0.000000
  -12.903   -8.287   -5.232   -4.925   -1.508   -0.646    1.548    2.754
            0.325000  0.187634  0.000000
  -12.817   -8.461   -5.272   -4.845   -1.561   -0.766    1.605    2.856
            0.337500  0.194850  0.000000
  -12.729   -8.632   -5.310   -4.763   -1.611   -0.890    1.671    2.961
            0.350000  0.202067  0.000000
  -12.639   -8.799   -5.344   -4.679   -1.660   -1.015    1.746    3.069
            0.362500  0.209284  0.000000
  -12.548   -8.962   -5.377   -4.594   -1.708   -1.138    1.827    3.180
            0.375000  0.216500  0.000000
  -12.456   -9.120   -5.407   -4.508   -1.755   -1.258    1.914    3.293
            0.387500  0.223717  0.000000
  -12.363   -9.272   -5.434   -4.423   -1.803   -1.372    2.006    3.407
            0.400000  0.230934  0.000000
  -12.271   -9.418   -5.458   -4.338   -1.853   -1.476    2.102    3.521
            0.412500  0.238150  0.000000
  -12.180   -9.555   -5.480   -4.255   -1.907   -1.566    2.200    3.629
            0.425000  0.245367  0.000000
  -12.093   -9.684   -5.499   -4.176   -1.968   -1.639    2.298    3.719
            0.437500  0.252584  0.000000
  -12.010   -9.801   -5.515   -4.101   -2.032   -1.696    2.396    3.762
            0.450000  0.259800  0.000000
  -11.936   -9.904   -5.528   -4.034   -2.096   -1.737    2.490    3.740
            0.462500  0.267017  0.000000
  -11.871   -9.991   -5.538   -3.978   -2.155   -1.765    2.577    3.686
            0.475000  0.274234  0.000000
  -11.821  -10.057   -5.545   -3.934   -2.201   -1.784    2.649    3.629
            0.487500  0.281450  0.000000
  -11.790  -10.098   -5.550   -3.907   -2.231   -1.795    2.699    3.586
            0.500000  0.288667  0.000000
  -11.779  -10.112   -5.551   -3.897   -2.241   -1.798    2.716    3.570
            0.508333  0.274234  0.000000
  -11.776  -10.112   -5.569   -3.893   -2.241   -1.775    2.712    3.572
            0.516667  0.259800  0.000000
  -11.768  -10.112   -5.621   -3.882   -2.242   -1.707    2.697    3.577
            0.525000  0.245367  0.000000
  -11.755  -10.113   -5.703   -3.865   -2.244   -1.597    2.669    3.518
            0.533333  0.230934  0.000000
  -11.737  -10.114   -5.808   -3.841   -2.247   -1.450    2.619    3.409
            0.541667  0.216500  0.000000
  -11.714  -10.116   -5.932   -3.813   -2.251   -1.272    2.543    3.324
            0.550000  0.202067  0.000000
  -11.685  -10.120   -6.067   -3.781   -2.256   -1.066    2.439    3.269
            0.558333  0.187634  0.000000
  -11.652  -10.125   -6.210   -3.745   -2.265   -0.837    2.314    3.243
            0.566667  0.173200  0.000000
  -11.613  -10.134   -6.355   -3.704   -2.275   -0.590    2.177    3.238
            0.575000  0.158767  0.000000
  -11.569  -10.145   -6.499   -3.659   -2.290   -0.327    2.035    3.249
            0.583333  0.144333  0.000000
  -11.519  -10.161   -6.640   -3.610   -2.309   -0.051    1.895    3.271
            0.591667  0.129900  0.000000
  -11.465  -10.183   -6.773   -3.557   -2.333    0.237    1.761    3.300
            0.600000  0.115467  0.000000
  -11.406  -10.210   -6.898   -3.499   -2.363    0.534    1.635    3.334
            0.608333  0.101033  0.000000
  -11.341  -10.246   -7.011   -3.437   -2.399    0.839    1.522    3.370
            0.616667  0.086600  0.000000
  -11.271  -10.289   -7.111   -3.370   -2.443    1.151    1.421    3.403
            0.625000  0.072167  0.000000
  -11.197  -10.342   -7.197   -3.299   -2.495    1.335    1.466    3.430
            0.633333  0.057733  0.000000
  -11.117  -10.404   -7.268   -3.224   -2.555    1.265    1.783    3.444
            0.641667  0.043300  0.000000
  -11.032  -10.476   -7.322   -3.144   -2.624    1.210    2.097    3.386
            0.650000  0.028867  0.000000
  -10.942  -10.558   -7.361   -3.059   -2.701    1.171    2.397    3.276
            0.658333  0.014433  0.000000
  -10.847  -10.648   -7.383   -2.970   -2.786    1.148    2.651    3.191
            0.666667  0.000000  0.000000
  -10.747  -10.747   -7.390   -2.877   -2.877    1.141    2.759    3.220
            0.647059  0.000000  0.000000
  -10.872  -10.623   -7.381   -2.994   -2.762    1.151    2.671    3.076
            0.627451  0.000000  0.000000
  -11.005  -10.492   -7.353   -3.118   -2.642    1.180    2.517    2.918
            0.607843  0.000000  0.000000
  -11.145  -10.355   -7.308   -3.247   -2.515    1.226    2.348    2.752
            0.588235  0.000000  0.000000
  -11.289  -10.210   -7.249   -3.382   -2.383    1.288    2.176    2.585
            0.568627  0.000000  0.000000
  -11.436  -10.059   -7.177   -3.519   -2.246    1.363    2.006    2.419
            0.549020  0.000000  0.000000
  -11.584   -9.902   -7.093   -3.659   -2.104    1.448    1.840    2.258
            0.529412  0.000000  0.000000
  -11.732   -9.738   -6.998   -3.798   -1.958    1.536    1.678    2.109
            0.509804  0.000000  0.000000
  -11.880   -9.567   -6.895   -3.938   -1.807    1.523    1.608    1.990
            0.490196  0.000000  0.000000
  -12.025   -9.390   -6.783   -4.076   -1.653    1.374    1.608    1.957
            0.470588  0.000000  0.000000
  -12.169   -9.207   -6.665   -4.212   -1.497    1.231    1.516    2.028
            0.450980  0.000000  0.000000
  -12.309   -9.017   -6.540   -4.345   -1.338    1.096    1.389    2.144
            0.431373  0.000000  0.000000
  -12.445   -8.822   -6.410   -4.474   -1.180    0.968    1.255    2.028
            0.411765  0.000000  0.000000
  -12.577   -8.621   -6.276   -4.600   -1.022    0.848    1.122    1.907
            0.392157  0.000000  0.000000
  -12.704   -8.414   -6.138   -4.721   -0.868    0.737    0.992    1.800
            0.372549  0.000000  0.000000
  -12.827   -8.202   -5.998   -4.837   -0.720    0.634    0.866    1.710
            0.352941  0.000000  0.000000
  -12.944   -7.985   -5.856   -4.948   -0.583    0.539    0.744    1.640
            0.333333  0.000000  0.000000
  -13.056   -7.763   -5.713   -5.054   -0.459    0.454    0.628    1.594
            0.313725  0.000000  0.000000
  -13.163   -7.537   -5.570   -5.153   -0.354    0.377    0.517    1.576
            0.294118  0.000000  0.000000
  -13.264   -7.307   -5.429   -5.246   -0.270    0.308    0.411    1.588
            0.274510  0.000000  0.000000
  -13.358   -7.075   -5.331   -5.290   -0.210    0.247    0.309    1.629
            0.254902  0.000000  0.000000
  -13.447   -6.843   -5.407   -5.154   -0.170    0.193    0.213    1.696
            0.235294  0.000000  0.000000
  -13.529   -6.612   -5.471   -5.023   -0.148    0.121    0.146    1.777
            0.215686  0.000000  0.000000
  -13.606   -6.391   -5.519   -4.898   -0.138    0.033    0.104    1.856
            0.196078  0.000000  0.000000
  -13.675   -6.191   -5.537   -4.780   -0.137   -0.053    0.069    1.813
            0.176471  0.000000  0.000000
  -13.739   -6.044   -5.497   -4.669   -0.144   -0.138    0.044    1.515
            0.156863  0.000000  0.000000
  -13.796   -5.974   -5.375   -4.568   -0.224   -0.158    0.029    1.214
            0.137255  0.000000  0.000000
  -13.846   -5.962   -5.193   -4.476   -0.315   -0.177    0.025    0.935
            0.117647  0.000000  0.000000
  -13.890   -5.974   -4.989   -4.395   -0.415   -0.198    0.029    0.689
            0.098039  0.000000  0.000000
  -13.927   -5.993   -4.783   -4.326   -0.528   -0.219    0.039    0.484
            0.078431  0.000000  0.000000
  -13.957   -6.013   -4.589   -4.269   -0.651   -0.238    0.051    0.325
            0.058824  0.000000  0.000000
  -13.981   -6.029   -4.419   -4.224   -0.775   -0.253    0.063    0.211
            0.039216  0.000000  0.000000
  -13.997   -6.042   -4.284   -4.192   -0.884   -0.265    0.074    0.138
            0.019608  0.000000  0.000000
  -14.008   -6.050   -4.196   -4.172   -0.959   -0.272    0.081    0.097
            0.000000  0.000000  0.000000
  -14.011   -6.052   -4.166   -4.166   -0.986   -0.275    0.083    0.084
