#  E (eV)   dos(E)     Int dos(E) EFermi =   -2.877 eV
 -14.011  0.0000E+00  0.0000E+00
 -14.001  0.1263E+00  0.6313E-03
 -13.991  0.2525E+00  0.2525E-02
 -13.981  0.3788E+00  0.5682E-02
 -13.971  0.5051E+00  0.1010E-01
 -13.961  0.6313E+00  0.1578E-01
 -13.951  0.7576E+00  0.2273E-01
 -13.941  0.8839E+00  0.3093E-01
 -13.931  0.1010E+01  0.4040E-01
 -13.921  0.5249E+00  0.4622E-01
 -13.911  0.5356E+00  0.5153E-01
 -13.901  0.5464E+00  0.5694E-01
 -13.891  0.5571E+00  0.6245E-01
 -13.881  0.5678E+00  0.6808E-01
 -13.871  0.5785E+00  0.7381E-01
 -13.861  0.5892E+00  0.7965E-01
 -13.851  0.6000E+00  0.8559E-01
 -13.841  0.6107E+00  0.9165E-01
 -13.831  0.6214E+00  0.9781E-01
 -13.821  0.6321E+00  0.1041E+00
 -13.811  0.6428E+00  0.1105E+00
 -13.801  0.6536E+00  0.1169E+00
 -13.791  0.6643E+00  0.1235E+00
 -13.781  0.6750E+00  0.1302E+00
 -13.771  0.6857E+00  0.1370E+00
 -13.761  0.6798E+00  0.1439E+00
 -13.751  0.6671E+00  0.1506E+00
 -13.741  0.6545E+00  0.1572E+00
 -13.731  0.6418E+00  0.1637E+00
 -13.721  0.6292E+00  0.1701E+00
 -13.711  0.6165E+00  0.1763E+00
 -13.701  0.6038E+00  0.1824E+00
 -13.691  0.5912E+00  0.1884E+00
 -13.681  0.5898E+00  0.1942E+00
 -13.671  0.5937E+00  0.2002E+00
 -13.661  0.5977E+00  0.2061E+00
 -13.651  0.6016E+00  0.2121E+00
 -13.641  0.6056E+00  0.2182E+00
 -13.631  0.6095E+00  0.2242E+00
 -13.621  0.6135E+00  0.2303E+00
 -13.611  0.6174E+00  0.2365E+00
 -13.601  0.6213E+00  0.2427E+00
 -13.591  0.6253E+00  0.2489E+00
 -13.581  0.6292E+00  0.2552E+00
 -13.571  0.6332E+00  0.2615E+00
 -13.561  0.6371E+00  0.2679E+00
 -13.551  0.6411E+00  0.2742E+00
 -13.541  0.6450E+00  0.2807E+00
 -13.531  0.6489E+00  0.2871E+00
 -13.521  0.6529E+00  0.2937E+00
 -13.511  0.6568E+00  0.3002E+00
 -13.501  0.6608E+00  0.3068E+00
 -13.491  0.6647E+00  0.3134E+00
 -13.481  0.6687E+00  0.3201E+00
 -13.471  0.6726E+00  0.3268E+00
 -13.461  0.6765E+00  0.3335E+00
 -13.451  0.6805E+00  0.3403E+00
 -13.441  0.6330E+00  0.3468E+00
 -13.431  0.6326E+00  0.3531E+00
 -13.421  0.6322E+00  0.3594E+00
 -13.411  0.6318E+00  0.3657E+00
 -13.401  0.6314E+00  0.3721E+00
 -13.391  0.6310E+00  0.3784E+00
 -13.381  0.6307E+00  0.3847E+00
 -13.371  0.6303E+00  0.3910E+00
 -13.361  0.6299E+00  0.3973E+00
 -13.351  0.6295E+00  0.4036E+00
 -13.341  0.6291E+00  0.4099E+00
 -13.331  0.6287E+00  0.4162E+00
 -13.321  0.6283E+00  0.4225E+00
 -13.311  0.6279E+00  0.4287E+00
 -13.301  0.6276E+00  0.4350E+00
 -13.291  0.6273E+00  0.4413E+00
 -13.281  0.6296E+00  0.4476E+00
 -13.271  0.6318E+00  0.4539E+00
 -13.261  0.6341E+00  0.4602E+00
 -13.251  0.6364E+00  0.4666E+00
 -13.241  0.6386E+00  0.4729E+00
 -13.231  0.6409E+00  0.4793E+00
 -13.221  0.6431E+00  0.4858E+00
 -13.211  0.6454E+00  0.4922E+00
 -13.201  0.6477E+00  0.4987E+00
 -13.191  0.6499E+00  0.5051E+00
 -13.181  0.6522E+00  0.5117E+00
 -13.171  0.6544E+00  0.5182E+00
 -13.161  0.6567E+00  0.5247E+00
 -13.151  0.6590E+00  0.5313E+00
 -13.141  0.6612E+00  0.5379E+00
 -13.131  0.6635E+00  0.5446E+00
 -13.121  0.6657E+00  0.5512E+00
 -13.111  0.6680E+00  0.5579E+00
 -13.101  0.6703E+00  0.5646E+00
 -13.091  0.6725E+00  0.5713E+00
 -13.081  0.6748E+00  0.5780E+00
 -13.071  0.6770E+00  0.5848E+00
 -13.061  0.6793E+00  0.5915E+00
 -13.051  0.6781E+00  0.5983E+00
 -13.041  0.6741E+00  0.6051E+00
 -13.031  0.6701E+00  0.6118E+00
 -13.021  0.6661E+00  0.6185E+00
 -13.011  0.6621E+00  0.6251E+00
 -13.001  0.6581E+00  0.6317E+00
 -12.991  0.6541E+00  0.6383E+00
 -12.981  0.6504E+00  0.6448E+00
 -12.971  0.6515E+00  0.6513E+00
 -12.961  0.6525E+00  0.6579E+00
 -12.951  0.6536E+00  0.6644E+00
 -12.941  0.6547E+00  0.6709E+00
 -12.931  0.6558E+00  0.6775E+00
 -12.921  0.6569E+00  0.6840E+00
 -12.911  0.6580E+00  0.6906E+00
 -12.901  0.6591E+00  0.6972E+00
 -12.891  0.6601E+00  0.7038E+00
 -12.881  0.6612E+00  0.7104E+00
 -12.871  0.6623E+00  0.7170E+00
 -12.861  0.6634E+00  0.7237E+00
 -12.851  0.6645E+00  0.7303E+00
 -12.841  0.6656E+00  0.7369E+00
 -12.831  0.6666E+00  0.7436E+00
 -12.821  0.6677E+00  0.7503E+00
 -12.811  0.6688E+00  0.7570E+00
 -12.801  0.6699E+00  0.7637E+00
 -12.791  0.6710E+00  0.7704E+00
 -12.781  0.6721E+00  0.7771E+00
 -12.771  0.6731E+00  0.7838E+00
 -12.761  0.6742E+00  0.7905E+00
 -12.751  0.6760E+00  0.7973E+00
 -12.741  0.6781E+00  0.8041E+00
 -12.731  0.6801E+00  0.8108E+00
 -12.721  0.6821E+00  0.8177E+00
 -12.711  0.6841E+00  0.8245E+00
 -12.701  0.6861E+00  0.8313E+00
 -12.691  0.6881E+00  0.8382E+00
 -12.681  0.6901E+00  0.8451E+00
 -12.671  0.6922E+00  0.8520E+00
 -12.661  0.6942E+00  0.8589E+00
 -12.651  0.6962E+00  0.8659E+00
 -12.641  0.6982E+00  0.8729E+00
 -12.631  0.7002E+00  0.8799E+00
 -12.621  0.7022E+00  0.8869E+00
 -12.611  0.7042E+00  0.8939E+00
 -12.601  0.7063E+00  0.9010E+00
 -12.591  0.7083E+00  0.9080E+00
 -12.581  0.7103E+00  0.9151E+00
 -12.571  0.7123E+00  0.9222E+00
 -12.561  0.7143E+00  0.9294E+00
 -12.551  0.7163E+00  0.9365E+00
 -12.541  0.7183E+00  0.9437E+00
 -12.531  0.7204E+00  0.9509E+00
 -12.521  0.7090E+00  0.9580E+00
 -12.511  0.7099E+00  0.9651E+00
 -12.501  0.7108E+00  0.9722E+00
 -12.491  0.7117E+00  0.9793E+00
 -12.481  0.7126E+00  0.9864E+00
 -12.471  0.7135E+00  0.9936E+00
 -12.461  0.7144E+00  0.1001E+01
 -12.451  0.7152E+00  0.1008E+01
 -12.441  0.7161E+00  0.1015E+01
 -12.431  0.7170E+00  0.1022E+01
 -12.421  0.7179E+00  0.1029E+01
 -12.411  0.7188E+00  0.1037E+01
 -12.401  0.7197E+00  0.1044E+01
 -12.391  0.7222E+00  0.1051E+01
 -12.381  0.7256E+00  0.1058E+01
 -12.371  0.7290E+00  0.1065E+01
 -12.361  0.7324E+00  0.1073E+01
 -12.351  0.7358E+00  0.1080E+01
 -12.341  0.7393E+00  0.1087E+01
 -12.331  0.7427E+00  0.1095E+01
 -12.321  0.7461E+00  0.1102E+01
 -12.311  0.7495E+00  0.1110E+01
 -12.301  0.7530E+00  0.1117E+01
 -12.291  0.7564E+00  0.1125E+01
 -12.281  0.7598E+00  0.1132E+01
 -12.271  0.7632E+00  0.1140E+01
 -12.261  0.7666E+00  0.1148E+01
 -12.251  0.7701E+00  0.1155E+01
 -12.241  0.7735E+00  0.1163E+01
 -12.231  0.7769E+00  0.1171E+01
 -12.221  0.7803E+00  0.1179E+01
 -12.211  0.7838E+00  0.1186E+01
 -12.201  0.7872E+00  0.1194E+01
 -12.191  0.7906E+00  0.1202E+01
 -12.181  0.7940E+00  0.1210E+01
 -12.171  0.7974E+00  0.1218E+01
 -12.161  0.8009E+00  0.1226E+01
 -12.151  0.8043E+00  0.1234E+01
 -12.141  0.8117E+00  0.1242E+01
 -12.131  0.8192E+00  0.1250E+01
 -12.121  0.8266E+00  0.1259E+01
 -12.111  0.8341E+00  0.1267E+01
 -12.101  0.8415E+00  0.1275E+01
 -12.091  0.8490E+00  0.1284E+01
 -12.081  0.8564E+00  0.1292E+01
 -12.071  0.8639E+00  0.1301E+01
 -12.061  0.8713E+00  0.1310E+01
 -12.051  0.8788E+00  0.1318E+01
 -12.041  0.8862E+00  0.1327E+01
 -12.031  0.8937E+00  0.1336E+01
 -12.021  0.9011E+00  0.1345E+01
 -12.011  0.9086E+00  0.1354E+01
 -12.001  0.9160E+00  0.1363E+01
 -11.991  0.9235E+00  0.1372E+01
 -11.981  0.9309E+00  0.1382E+01
 -11.971  0.9384E+00  0.1391E+01
 -11.961  0.9459E+00  0.1400E+01
 -11.951  0.9535E+00  0.1410E+01
 -11.941  0.9617E+00  0.1419E+01
 -11.931  0.9699E+00  0.1429E+01
 -11.921  0.9781E+00  0.1439E+01
 -11.911  0.9928E+00  0.1449E+01
 -11.901  0.1017E+01  0.1459E+01
 -11.891  0.1042E+01  0.1469E+01
 -11.881  0.1066E+01  0.1480E+01
 -11.871  0.1091E+01  0.1490E+01
 -11.861  0.1115E+01  0.1501E+01
 -11.851  0.1140E+01  0.1513E+01
 -11.841  0.1164E+01  0.1524E+01
 -11.831  0.1189E+01  0.1536E+01
 -11.821  0.2787E+01  0.1562E+01
 -11.811  0.2346E+01  0.1587E+01
 -11.801  0.1906E+01  0.1609E+01
 -11.791  0.1465E+01  0.1625E+01
 -11.781  0.1024E+01  0.1638E+01
 -11.771  0.9148E+00  0.1647E+01
 -11.761  0.8973E+00  0.1656E+01
 -11.751  0.8798E+00  0.1665E+01
 -11.741  0.8623E+00  0.1674E+01
 -11.731  0.8448E+00  0.1682E+01
 -11.721  0.8273E+00  0.1691E+01
 -11.711  0.8098E+00  0.1699E+01
 -11.701  0.7923E+00  0.1707E+01
 -11.691  0.7748E+00  0.1715E+01
 -11.681  0.7573E+00  0.1722E+01
 -11.671  0.7398E+00  0.1730E+01
 -11.661  0.7223E+00  0.1737E+01
 -11.651  0.7048E+00  0.1744E+01
 -11.641  0.6873E+00  0.1751E+01
 -11.631  0.6698E+00  0.1758E+01
 -11.621  0.6523E+00  0.1765E+01
 -11.611  0.6348E+00  0.1771E+01
 -11.601  0.6173E+00  0.1777E+01
 -11.591  0.5998E+00  0.1784E+01
 -11.581  0.5823E+00  0.1789E+01
 -11.571  0.5648E+00  0.1795E+01
 -11.561  0.5473E+00  0.1801E+01
 -11.551  0.5298E+00  0.1806E+01
 -11.541  0.5123E+00  0.1811E+01
 -11.531  0.4948E+00  0.1816E+01
 -11.521  0.4773E+00  0.1821E+01
 -11.511  0.4819E+00  0.1826E+01
 -11.501  0.4901E+00  0.1831E+01
 -11.491  0.4984E+00  0.1836E+01
 -11.481  0.5066E+00  0.1841E+01
 -11.471  0.5149E+00  0.1846E+01
 -11.461  0.5231E+00  0.1851E+01
 -11.451  0.5314E+00  0.1856E+01
 -11.441  0.5397E+00  0.1862E+01
 -11.431  0.5479E+00  0.1867E+01
 -11.421  0.5562E+00  0.1873E+01
 -11.411  0.5644E+00  0.1878E+01
 -11.401  0.5727E+00  0.1884E+01
 -11.391  0.5809E+00  0.1890E+01
 -11.381  0.5892E+00  0.1896E+01
 -11.371  0.5974E+00  0.1902E+01
 -11.361  0.6057E+00  0.1908E+01
 -11.351  0.6140E+00  0.1914E+01
 -11.341  0.2758E+00  0.1918E+01
 -11.331  0.2712E+00  0.1921E+01
 -11.321  0.2665E+00  0.1924E+01
 -11.311  0.2619E+00  0.1926E+01
 -11.301  0.2572E+00  0.1929E+01
 -11.291  0.2526E+00  0.1931E+01
 -11.281  0.2479E+00  0.1934E+01
 -11.271  0.2433E+00  0.1936E+01
 -11.261  0.2387E+00  0.1939E+01
 -11.251  0.2340E+00  0.1941E+01
 -11.241  0.2294E+00  0.1943E+01
 -11.231  0.2247E+00  0.1946E+01
 -11.221  0.2201E+00  0.1948E+01
 -11.211  0.2154E+00  0.1950E+01
 -11.201  0.2108E+00  0.1952E+01
 -11.191  0.2062E+00  0.1954E+01
 -11.181  0.2015E+00  0.1956E+01
 -11.171  0.1969E+00  0.1958E+01
 -11.161  0.1922E+00  0.1960E+01
 -11.151  0.1876E+00  0.1962E+01
 -11.141  0.1829E+00  0.1964E+01
 -11.131  0.1783E+00  0.1966E+01
 -11.121  0.1736E+00  0.1968E+01
 -11.111  0.1690E+00  0.1969E+01
 -11.101  0.1644E+00  0.1971E+01
 -11.091  0.1597E+00  0.1973E+01
 -11.081  0.1551E+00  0.1974E+01
 -11.071  0.1504E+00  0.1976E+01
 -11.061  0.1458E+00  0.1977E+01
 -11.051  0.1411E+00  0.1979E+01
 -11.041  0.1365E+00  0.1980E+01
 -11.031  0.1318E+00  0.1981E+01
 -11.021  0.1272E+00  0.1983E+01
 -11.011  0.1226E+00  0.1984E+01
 -11.001  0.1179E+00  0.1985E+01
 -10.991  0.1133E+00  0.1986E+01
 -10.981  0.1086E+00  0.1987E+01
 -10.971  0.1040E+00  0.1988E+01
 -10.961  0.9933E-01  0.1989E+01
 -10.951  0.9469E-01  0.1990E+01
 -10.941  0.9004E-01  0.1991E+01
 -10.931  0.8540E-01  0.1992E+01
 -10.921  0.8075E-01  0.1993E+01
 -10.911  0.7611E-01  0.1994E+01
 -10.901  0.7146E-01  0.1995E+01
 -10.891  0.6682E-01  0.1995E+01
 -10.881  0.6218E-01  0.1996E+01
 -10.871  0.5753E-01  0.1996E+01
 -10.861  0.5289E-01  0.1997E+01
 -10.851  0.4824E-01  0.1997E+01
 -10.841  0.4360E-01  0.1998E+01
 -10.831  0.3895E-01  0.1998E+01
 -10.821  0.3431E-01  0.1999E+01
 -10.811  0.2967E-01  0.1999E+01
 -10.801  0.2502E-01  0.1999E+01
 -10.791  0.2038E-01  0.2000E+01
 -10.781  0.1573E-01  0.2000E+01
 -10.771  0.1109E-01  0.2000E+01
 -10.761  0.6444E-02  0.2000E+01
 -10.751  0.1800E-02  0.2000E+01
 -10.741  0.3059E-02  0.2000E+01
 -10.731  0.8243E-02  0.2000E+01
 -10.721  0.1343E-01  0.2000E+01
 -10.711  0.1861E-01  0.2000E+01
 -10.701  0.2379E-01  0.2001E+01
 -10.691  0.2898E-01  0.2001E+01
 -10.681  0.3416E-01  0.2001E+01
 -10.671  0.3934E-01  0.2001E+01
 -10.661  0.4453E-01  0.2002E+01
 -10.651  0.4971E-01  0.2002E+01
 -10.641  0.5489E-01  0.2003E+01
 -10.631  0.6008E-01  0.2003E+01
 -10.621  0.6526E-01  0.2004E+01
 -10.611  0.7044E-01  0.2005E+01
 -10.601  0.7563E-01  0.2006E+01
 -10.591  0.8081E-01  0.2006E+01
 -10.581  0.8599E-01  0.2007E+01
 -10.571  0.9118E-01  0.2008E+01
 -10.561  0.9636E-01  0.2009E+01
 -10.551  0.1015E+00  0.2010E+01
 -10.541  0.1067E+00  0.2011E+01
 -10.531  0.1119E+00  0.2012E+01
 -10.521  0.1171E+00  0.2013E+01
 -10.511  0.1223E+00  0.2014E+01
 -10.501  0.1275E+00  0.2016E+01
 -10.491  0.1326E+00  0.2017E+01
 -10.481  0.1378E+00  0.2018E+01
 -10.471  0.1430E+00  0.2020E+01
 -10.461  0.1482E+00  0.2021E+01
 -10.451  0.1534E+00  0.2023E+01
 -10.441  0.1586E+00  0.2024E+01
 -10.431  0.1637E+00  0.2026E+01
 -10.421  0.1689E+00  0.2028E+01
 -10.411  0.1741E+00  0.2029E+01
 -10.401  0.1793E+00  0.2031E+01
 -10.391  0.1845E+00  0.2033E+01
 -10.381  0.1897E+00  0.2035E+01
 -10.371  0.1948E+00  0.2037E+01
 -10.361  0.2000E+00  0.2039E+01
 -10.351  0.2052E+00  0.2041E+01
 -10.341  0.2104E+00  0.2043E+01
 -10.331  0.2156E+00  0.2045E+01
 -10.321  0.2208E+00  0.2047E+01
 -10.311  0.2259E+00  0.2049E+01
 -10.301  0.2311E+00  0.2052E+01
 -10.291  0.2363E+00  0.2054E+01
 -10.281  0.2415E+00  0.2056E+01
 -10.271  0.2467E+00  0.2059E+01
 -10.261  0.2519E+00  0.2061E+01
 -10.251  0.2570E+00  0.2064E+01
 -10.241  0.2622E+00  0.2066E+01
 -10.231  0.2674E+00  0.2069E+01
 -10.221  0.2726E+00  0.2072E+01
 -10.211  0.2778E+00  0.2074E+01
 -10.201  0.2830E+00  0.2077E+01
 -10.191  0.2881E+00  0.2080E+01
 -10.181  0.2933E+00  0.2083E+01
 -10.171  0.2618E+01  0.2115E+01
 -10.161  0.4439E+00  0.2130E+01
 -10.151  0.4798E+00  0.2135E+01
 -10.141  0.5157E+00  0.2140E+01
 -10.131  0.5516E+00  0.2145E+01
 -10.121  0.5875E+00  0.2151E+01
 -10.111  0.6306E+00  0.2157E+01
 -10.101  0.7290E+00  0.2164E+01
 -10.091  0.8275E+00  0.2172E+01
 -10.081  0.9260E+00  0.2180E+01
 -10.071  0.1024E+01  0.2190E+01
 -10.061  0.1123E+01  0.2201E+01
 -10.051  0.1221E+01  0.2213E+01
 -10.041  0.1320E+01  0.2225E+01
 -10.031  0.1418E+01  0.2239E+01
 -10.021  0.1517E+01  0.2254E+01
 -10.011  0.1615E+01  0.2269E+01
 -10.001  0.1714E+01  0.2286E+01
  -9.991  0.1812E+01  0.2304E+01
  -9.981  0.1911E+01  0.2322E+01
  -9.971  0.2009E+01  0.2342E+01
  -9.961  0.1024E+01  0.2355E+01
  -9.951  0.1013E+01  0.2365E+01
  -9.941  0.1002E+01  0.2375E+01
  -9.931  0.9908E+00  0.2385E+01
  -9.921  0.9797E+00  0.2395E+01
  -9.911  0.9686E+00  0.2405E+01
  -9.901  0.9575E+00  0.2415E+01
  -9.891  0.9465E+00  0.2424E+01
  -9.881  0.9354E+00  0.2434E+01
  -9.871  0.9243E+00  0.2443E+01
  -9.861  0.9132E+00  0.2452E+01
  -9.851  0.9021E+00  0.2461E+01
  -9.841  0.8910E+00  0.2470E+01
  -9.831  0.8799E+00  0.2479E+01
  -9.821  0.8688E+00  0.2488E+01
  -9.811  0.8577E+00  0.2496E+01
  -9.801  0.8466E+00  0.2505E+01
  -9.791  0.8355E+00  0.2513E+01
  -9.781  0.8244E+00  0.2522E+01
  -9.771  0.8134E+00  0.2530E+01
  -9.761  0.8023E+00  0.2538E+01
  -9.751  0.7912E+00  0.2546E+01
  -9.741  0.7801E+00  0.2554E+01
  -9.731  0.7690E+00  0.2561E+01
  -9.721  0.7579E+00  0.2569E+01
  -9.711  0.7468E+00  0.2577E+01
  -9.701  0.7357E+00  0.2584E+01
  -9.691  0.7246E+00  0.2591E+01
  -9.681  0.7135E+00  0.2598E+01
  -9.671  0.7024E+00  0.2606E+01
  -9.661  0.6913E+00  0.2613E+01
  -9.651  0.6818E+00  0.2619E+01
  -9.641  0.6731E+00  0.2626E+01
  -9.631  0.6645E+00  0.2633E+01
  -9.621  0.6559E+00  0.2639E+01
  -9.611  0.6472E+00  0.2646E+01
  -9.601  0.6386E+00  0.2652E+01
  -9.591  0.6321E+00  0.2659E+01
  -9.581  0.6261E+00  0.2665E+01
  -9.571  0.6201E+00  0.2671E+01
  -9.561  0.6141E+00  0.2677E+01
  -9.551  0.6081E+00  0.2684E+01
  -9.541  0.6020E+00  0.2690E+01
  -9.531  0.5960E+00  0.2696E+01
  -9.521  0.5900E+00  0.2702E+01
  -9.511  0.5840E+00  0.2707E+01
  -9.501  0.5779E+00  0.2713E+01
  -9.491  0.5719E+00  0.2719E+01
  -9.481  0.5659E+00  0.2725E+01
  -9.471  0.5632E+00  0.2730E+01
  -9.461  0.5611E+00  0.2736E+01
  -9.451  0.5590E+00  0.2742E+01
  -9.441  0.5569E+00  0.2747E+01
  -9.431  0.5549E+00  0.2753E+01
  -9.421  0.5528E+00  0.2758E+01
  -9.411  0.5507E+00  0.2764E+01
  -9.401  0.5487E+00  0.2769E+01
  -9.391  0.5466E+00  0.2775E+01
  -9.381  0.5445E+00  0.2780E+01
  -9.371  0.5425E+00  0.2786E+01
  -9.361  0.5404E+00  0.2791E+01
  -9.351  0.5383E+00  0.2796E+01
  -9.341  0.5362E+00  0.2802E+01
  -9.331  0.5342E+00  0.2807E+01
  -9.321  0.5321E+00  0.2812E+01
  -9.311  0.5300E+00  0.2818E+01
  -9.301  0.5280E+00  0.2823E+01
  -9.291  0.5259E+00  0.2828E+01
  -9.281  0.5238E+00  0.2834E+01
  -9.271  0.5218E+00  0.2839E+01
  -9.261  0.5197E+00  0.2844E+01
  -9.251  0.5176E+00  0.2849E+01
  -9.241  0.5156E+00  0.2854E+01
  -9.231  0.5135E+00  0.2859E+01
  -9.221  0.5114E+00  0.2865E+01
  -9.211  0.5093E+00  0.2870E+01
  -9.201  0.5073E+00  0.2875E+01
  -9.191  0.5052E+00  0.2880E+01
  -9.181  0.5031E+00  0.2885E+01
  -9.171  0.5011E+00  0.2890E+01
  -9.161  0.4990E+00  0.2895E+01
  -9.151  0.4969E+00  0.2900E+01
  -9.141  0.4949E+00  0.2905E+01
  -9.131  0.4928E+00  0.2910E+01
  -9.121  0.4910E+00  0.2915E+01
  -9.111  0.4891E+00  0.2920E+01
  -9.101  0.4872E+00  0.2925E+01
  -9.091  0.4854E+00  0.2929E+01
  -9.081  0.4835E+00  0.2934E+01
  -9.071  0.4816E+00  0.2939E+01
  -9.061  0.4797E+00  0.2944E+01
  -9.051  0.4779E+00  0.2949E+01
  -9.041  0.4760E+00  0.2953E+01
  -9.031  0.4741E+00  0.2958E+01
  -9.021  0.4723E+00  0.2963E+01
  -9.011  0.4704E+00  0.2968E+01
  -9.001  0.4685E+00  0.2972E+01
  -8.991  0.4667E+00  0.2977E+01
  -8.981  0.4648E+00  0.2982E+01
  -8.971  0.4629E+00  0.2986E+01
  -8.961  0.4611E+00  0.2991E+01
  -8.951  0.4592E+00  0.2995E+01
  -8.941  0.4573E+00  0.3000E+01
  -8.931  0.4555E+00  0.3005E+01
  -8.921  0.4536E+00  0.3009E+01
  -8.911  0.4517E+00  0.3014E+01
  -8.901  0.4499E+00  0.3018E+01
  -8.891  0.4480E+00  0.3023E+01
  -8.881  0.4461E+00  0.3027E+01
  -8.871  0.4443E+00  0.3032E+01
  -8.861  0.4424E+00  0.3036E+01
  -8.851  0.4405E+00  0.3040E+01
  -8.841  0.4387E+00  0.3045E+01
  -8.831  0.4368E+00  0.3049E+01
  -8.821  0.4349E+00  0.3054E+01
  -8.811  0.4330E+00  0.3058E+01
  -8.801  0.4312E+00  0.3062E+01
  -8.791  0.4293E+00  0.3067E+01
  -8.781  0.4274E+00  0.3071E+01
  -8.771  0.4256E+00  0.3075E+01
  -8.761  0.4237E+00  0.3079E+01
  -8.751  0.4218E+00  0.3084E+01
  -8.741  0.4200E+00  0.3088E+01
  -8.731  0.3919E+00  0.3092E+01
  -8.721  0.3911E+00  0.3096E+01
  -8.711  0.3903E+00  0.3100E+01
  -8.701  0.3895E+00  0.3104E+01
  -8.691  0.3887E+00  0.3107E+01
  -8.681  0.3879E+00  0.3111E+01
  -8.671  0.3871E+00  0.3115E+01
  -8.661  0.3863E+00  0.3119E+01
  -8.651  0.3855E+00  0.3123E+01
  -8.641  0.3847E+00  0.3127E+01
  -8.631  0.3839E+00  0.3131E+01
  -8.621  0.3831E+00  0.3134E+01
  -8.611  0.3823E+00  0.3138E+01
  -8.601  0.3815E+00  0.3142E+01
  -8.591  0.3807E+00  0.3146E+01
  -8.581  0.3799E+00  0.3150E+01
  -8.571  0.3791E+00  0.3153E+01
  -8.561  0.3782E+00  0.3157E+01
  -8.551  0.3774E+00  0.3161E+01
  -8.541  0.3766E+00  0.3165E+01
  -8.531  0.3757E+00  0.3169E+01
  -8.521  0.3749E+00  0.3172E+01
  -8.511  0.3740E+00  0.3176E+01
  -8.501  0.3732E+00  0.3180E+01
  -8.491  0.3723E+00  0.3184E+01
  -8.481  0.3715E+00  0.3187E+01
  -8.471  0.3707E+00  0.3191E+01
  -8.461  0.3698E+00  0.3195E+01
  -8.451  0.3690E+00  0.3198E+01
  -8.441  0.3681E+00  0.3202E+01
  -8.431  0.3673E+00  0.3206E+01
  -8.421  0.3664E+00  0.3209E+01
  -8.411  0.3656E+00  0.3213E+01
  -8.401  0.3648E+00  0.3217E+01
  -8.391  0.3639E+00  0.3220E+01
  -8.381  0.3631E+00  0.3224E+01
  -8.371  0.3622E+00  0.3228E+01
  -8.361  0.3614E+00  0.3231E+01
  -8.351  0.3605E+00  0.3235E+01
  -8.341  0.3597E+00  0.3238E+01
  -8.331  0.3588E+00  0.3242E+01
  -8.321  0.3580E+00  0.3246E+01
  -8.311  0.3572E+00  0.3249E+01
  -8.301  0.3563E+00  0.3253E+01
  -8.291  0.3555E+00  0.3256E+01
  -8.281  0.3546E+00  0.3260E+01
  -8.271  0.3538E+00  0.3263E+01
  -8.261  0.3529E+00  0.3267E+01
  -8.251  0.3521E+00  0.3270E+01
  -8.241  0.3513E+00  0.3274E+01
  -8.231  0.3504E+00  0.3278E+01
  -8.221  0.3496E+00  0.3281E+01
  -8.211  0.3487E+00  0.3285E+01
  -8.201  0.3479E+00  0.3288E+01
  -8.191  0.3470E+00  0.3291E+01
  -8.181  0.3462E+00  0.3295E+01
  -8.171  0.3454E+00  0.3298E+01
  -8.161  0.3445E+00  0.3302E+01
  -8.151  0.3437E+00  0.3305E+01
  -8.141  0.3428E+00  0.3309E+01
  -8.131  0.3420E+00  0.3312E+01
  -8.121  0.3411E+00  0.3316E+01
  -8.111  0.3403E+00  0.3319E+01
  -8.101  0.3394E+00  0.3322E+01
  -8.091  0.3386E+00  0.3326E+01
  -8.081  0.3378E+00  0.3329E+01
  -8.071  0.3369E+00  0.3332E+01
  -8.061  0.3361E+00  0.3336E+01
  -8.051  0.3352E+00  0.3339E+01
  -8.041  0.3344E+00  0.3343E+01
  -8.031  0.3331E+00  0.3346E+01
  -8.021  0.3312E+00  0.3349E+01
  -8.011  0.3294E+00  0.3353E+01
  -8.001  0.3275E+00  0.3356E+01
  -7.991  0.3257E+00  0.3359E+01
  -7.981  0.3238E+00  0.3362E+01
  -7.971  0.3220E+00  0.3366E+01
  -7.961  0.3201E+00  0.3369E+01
  -7.951  0.3183E+00  0.3372E+01
  -7.941  0.3164E+00  0.3375E+01
  -7.931  0.3146E+00  0.3378E+01
  -7.921  0.3127E+00  0.3381E+01
  -7.911  0.3109E+00  0.3385E+01
  -7.901  0.3090E+00  0.3388E+01
  -7.891  0.3072E+00  0.3391E+01
  -7.881  0.3054E+00  0.3394E+01
  -7.871  0.3035E+00  0.3397E+01
  -7.861  0.3017E+00  0.3400E+01
  -7.851  0.2998E+00  0.3403E+01
  -7.841  0.2980E+00  0.3406E+01
  -7.831  0.2961E+00  0.3409E+01
  -7.821  0.2943E+00  0.3412E+01
  -7.811  0.2924E+00  0.3415E+01
  -7.801  0.2906E+00  0.3418E+01
  -7.791  0.2887E+00  0.3421E+01
  -7.781  0.2869E+00  0.3423E+01
  -7.771  0.2850E+00  0.3426E+01
  -7.761  0.2835E+00  0.3429E+01
  -7.751  0.2830E+00  0.3432E+01
  -7.741  0.2825E+00  0.3435E+01
  -7.731  0.2820E+00  0.3438E+01
  -7.721  0.2815E+00  0.3440E+01
  -7.711  0.2810E+00  0.3443E+01
  -7.701  0.2805E+00  0.3446E+01
  -7.691  0.2800E+00  0.3449E+01
  -7.681  0.2795E+00  0.3452E+01
  -7.671  0.2790E+00  0.3454E+01
  -7.661  0.2785E+00  0.3457E+01
  -7.651  0.2780E+00  0.3460E+01
  -7.641  0.2775E+00  0.3463E+01
  -7.631  0.2770E+00  0.3466E+01
  -7.621  0.2765E+00  0.3468E+01
  -7.611  0.2760E+00  0.3471E+01
  -7.601  0.2755E+00  0.3474E+01
  -7.591  0.2750E+00  0.3477E+01
  -7.581  0.2745E+00  0.3479E+01
  -7.571  0.2740E+00  0.3482E+01
  -7.561  0.2735E+00  0.3485E+01
  -7.551  0.2730E+00  0.3488E+01
  -7.541  0.2725E+00  0.3490E+01
  -7.531  0.2720E+00  0.3493E+01
  -7.521  0.2715E+00  0.3496E+01
  -7.511  0.2710E+00  0.3498E+01
  -7.501  0.2705E+00  0.3501E+01
  -7.491  0.2700E+00  0.3504E+01
  -7.481  0.2695E+00  0.3507E+01
  -7.471  0.2690E+00  0.3509E+01
  -7.461  0.2686E+00  0.3512E+01
  -7.451  0.2681E+00  0.3515E+01
  -7.441  0.2676E+00  0.3517E+01
  -7.431  0.2671E+00  0.3520E+01
  -7.421  0.2666E+00  0.3523E+01
  -7.411  0.2661E+00  0.3525E+01
  -7.401  0.2656E+00  0.3528E+01
  -7.391  0.2651E+00  0.3531E+01
  -7.381  0.2938E+00  0.3533E+01
  -7.371  0.3239E+00  0.3536E+01
  -7.361  0.3541E+00  0.3540E+01
  -7.351  0.3842E+00  0.3544E+01
  -7.341  0.4143E+00  0.3548E+01
  -7.331  0.4445E+00  0.3552E+01
  -7.321  0.4746E+00  0.3556E+01
  -7.311  0.5047E+00  0.3561E+01
  -7.301  0.5349E+00  0.3567E+01
  -7.291  0.5650E+00  0.3572E+01
  -7.281  0.5951E+00  0.3578E+01
  -7.271  0.6253E+00  0.3584E+01
  -7.261  0.6554E+00  0.3590E+01
  -7.251  0.6856E+00  0.3597E+01
  -7.241  0.7157E+00  0.3604E+01
  -7.231  0.7458E+00  0.3611E+01
  -7.221  0.7760E+00  0.3619E+01
  -7.211  0.8061E+00  0.3627E+01
  -7.201  0.8362E+00  0.3635E+01
  -7.191  0.8664E+00  0.3644E+01
  -7.181  0.8965E+00  0.3652E+01
  -7.171  0.9266E+00  0.3662E+01
  -7.161  0.9568E+00  0.3671E+01
  -7.151  0.6758E+00  0.3679E+01
  -7.141  0.6775E+00  0.3685E+01
  -7.131  0.6792E+00  0.3692E+01
  -7.121  0.6809E+00  0.3699E+01
  -7.111  0.6826E+00  0.3706E+01
  -7.101  0.6843E+00  0.3713E+01
  -7.091  0.6860E+00  0.3720E+01
  -7.081  0.6877E+00  0.3726E+01
  -7.071  0.6894E+00  0.3733E+01
  -7.061  0.6911E+00  0.3740E+01
  -7.051  0.6929E+00  0.3747E+01
  -7.041  0.6946E+00  0.3754E+01
  -7.031  0.6963E+00  0.3761E+01
  -7.021  0.6980E+00  0.3768E+01
  -7.011  0.6997E+00  0.3775E+01
  -7.001  0.7014E+00  0.3782E+01
  -6.991  0.7031E+00  0.3789E+01
  -6.981  0.7048E+00  0.3796E+01
  -6.971  0.7065E+00  0.3803E+01
  -6.961  0.7082E+00  0.3810E+01
  -6.951  0.7099E+00  0.3817E+01
  -6.941  0.7116E+00  0.3824E+01
  -6.931  0.7133E+00  0.3831E+01
  -6.921  0.7150E+00  0.3839E+01
  -6.911  0.7167E+00  0.3846E+01
  -6.901  0.7184E+00  0.3853E+01
  -6.891  0.7201E+00  0.3860E+01
  -6.881  0.7218E+00  0.3867E+01
  -6.871  0.7235E+00  0.3875E+01
  -6.861  0.7279E+00  0.3882E+01
  -6.851  0.7299E+00  0.3889E+01
  -6.841  0.7318E+00  0.3896E+01
  -6.831  0.7357E+00  0.3904E+01
  -6.821  0.7398E+00  0.3911E+01
  -6.811  0.7439E+00  0.3919E+01
  -6.801  0.7480E+00  0.3926E+01
  -6.791  0.7521E+00  0.3934E+01
  -6.781  0.7562E+00  0.3941E+01
  -6.771  0.7603E+00  0.3949E+01
  -6.761  0.7644E+00  0.3956E+01
  -6.751  0.7685E+00  0.3964E+01
  -6.741  0.7726E+00  0.3972E+01
  -6.731  0.7767E+00  0.3979E+01
  -6.721  0.7808E+00  0.3987E+01
  -6.711  0.7849E+00  0.3995E+01
  -6.701  0.7890E+00  0.4003E+01
  -6.691  0.7931E+00  0.4011E+01
  -6.681  0.7972E+00  0.4019E+01
  -6.671  0.8013E+00  0.4027E+01
  -6.661  0.8054E+00  0.4035E+01
  -6.651  0.8095E+00  0.4043E+01
  -6.641  0.8136E+00  0.4051E+01
  -6.631  0.8138E+00  0.4059E+01
  -6.621  0.8135E+00  0.4067E+01
  -6.611  0.8131E+00  0.4075E+01
  -6.601  0.8128E+00  0.4083E+01
  -6.591  0.8125E+00  0.4092E+01
  -6.581  0.8122E+00  0.4100E+01
  -6.571  0.8118E+00  0.4108E+01
  -6.561  0.8115E+00  0.4116E+01
  -6.551  0.8112E+00  0.4124E+01
  -6.541  0.8109E+00  0.4132E+01
  -6.531  0.8118E+00  0.4140E+01
  -6.521  0.8132E+00  0.4148E+01
  -6.511  0.8146E+00  0.4157E+01
  -6.501  0.8160E+00  0.4165E+01
  -6.491  0.8174E+00  0.4173E+01
  -6.481  0.8188E+00  0.4181E+01
  -6.471  0.8202E+00  0.4189E+01
  -6.461  0.8216E+00  0.4197E+01
  -6.451  0.8230E+00  0.4206E+01
  -6.441  0.8244E+00  0.4214E+01
  -6.431  0.8259E+00  0.4222E+01
  -6.421  0.8273E+00  0.4230E+01
  -6.411  0.8287E+00  0.4239E+01
  -6.401  0.8301E+00  0.4247E+01
  -6.391  0.8315E+00  0.4255E+01
  -6.381  0.8329E+00  0.4264E+01
  -6.371  0.8343E+00  0.4272E+01
  -6.361  0.8357E+00  0.4280E+01
  -6.351  0.8371E+00  0.4289E+01
  -6.341  0.8385E+00  0.4297E+01
  -6.331  0.8399E+00  0.4305E+01
  -6.321  0.8413E+00  0.4314E+01
  -6.311  0.8427E+00  0.4322E+01
  -6.301  0.8441E+00  0.4331E+01
  -6.291  0.8455E+00  0.4339E+01
  -6.281  0.8469E+00  0.4348E+01
  -6.271  0.8483E+00  0.4356E+01
  -6.261  0.8497E+00  0.4365E+01
  -6.251  0.8511E+00  0.4373E+01
  -6.241  0.8525E+00  0.4382E+01
  -6.231  0.8539E+00  0.4390E+01
  -6.221  0.8811E+00  0.4399E+01
  -6.211  0.8834E+00  0.4408E+01
  -6.201  0.8858E+00  0.4417E+01
  -6.191  0.8984E+00  0.4425E+01
  -6.181  0.9332E+00  0.4435E+01
  -6.171  0.9680E+00  0.4444E+01
  -6.161  0.1003E+01  0.4454E+01
  -6.151  0.1038E+01  0.4464E+01
  -6.141  0.1072E+01  0.4475E+01
  -6.131  0.1107E+01  0.4486E+01
  -6.121  0.1142E+01  0.4497E+01
  -6.111  0.1177E+01  0.4508E+01
  -6.101  0.1212E+01  0.4520E+01
  -6.091  0.1247E+01  0.4533E+01
  -6.081  0.1281E+01  0.4545E+01
  -6.071  0.1316E+01  0.4558E+01
  -6.061  0.1351E+01  0.4572E+01
  -6.051  0.1419E+01  0.4585E+01
  -6.041  0.1710E+01  0.4601E+01
  -6.031  0.2001E+01  0.4620E+01
  -6.021  0.2292E+01  0.4641E+01
  -6.011  0.2583E+01  0.4665E+01
  -6.001  0.2874E+01  0.4693E+01
  -5.991  0.7293E+00  0.4753E+01
  -5.981  0.7320E+00  0.4760E+01
  -5.971  0.7347E+00  0.4767E+01
  -5.961  0.7374E+00  0.4775E+01
  -5.951  0.7401E+00  0.4782E+01
  -5.941  0.7428E+00  0.4789E+01
  -5.931  0.7455E+00  0.4797E+01
  -5.921  0.7483E+00  0.4804E+01
  -5.911  0.8699E+00  0.4812E+01
  -5.901  0.8875E+00  0.4821E+01
  -5.891  0.9052E+00  0.4830E+01
  -5.881  0.9229E+00  0.4839E+01
  -5.871  0.9406E+00  0.4848E+01
  -5.861  0.9582E+00  0.4858E+01
  -5.851  0.9759E+00  0.4867E+01
  -5.841  0.9936E+00  0.4877E+01
  -5.831  0.1011E+01  0.4887E+01
  -5.821  0.1029E+01  0.4898E+01
  -5.811  0.1047E+01  0.4908E+01
  -5.801  0.1064E+01  0.4918E+01
  -5.791  0.1082E+01  0.4929E+01
  -5.781  0.1100E+01  0.4940E+01
  -5.771  0.1117E+01  0.4951E+01
  -5.761  0.1130E+01  0.4962E+01
  -5.751  0.1139E+01  0.4974E+01
  -5.741  0.1148E+01  0.4985E+01
  -5.731  0.1157E+01  0.4997E+01
  -5.721  0.1166E+01  0.5008E+01
  -5.711  0.1180E+01  0.5020E+01
  -5.701  0.1211E+01  0.5032E+01
  -5.691  0.1243E+01  0.5044E+01
  -5.681  0.1274E+01  0.5057E+01
  -5.671  0.1306E+01  0.5070E+01
  -5.661  0.1337E+01  0.5083E+01
  -5.651  0.1369E+01  0.5097E+01
  -5.641  0.1400E+01  0.5110E+01
  -5.631  0.1432E+01  0.5125E+01
  -5.621  0.1463E+01  0.5139E+01
  -5.611  0.1495E+01  0.5154E+01
  -5.601  0.1526E+01  0.5169E+01
  -5.591  0.1558E+01  0.5184E+01
  -5.581  0.1589E+01  0.5200E+01
  -5.571  0.1621E+01  0.5216E+01
  -5.561  0.1652E+01  0.5232E+01
  -5.551  0.1757E+01  0.5249E+01
  -5.541  0.1894E+01  0.5268E+01
  -5.531  0.2030E+01  0.5287E+01
  -5.521  0.2167E+01  0.5308E+01
  -5.511  0.2304E+01  0.5331E+01
  -5.501  0.2441E+01  0.5354E+01
  -5.491  0.2578E+01  0.5379E+01
  -5.481  0.2741E+01  0.5406E+01
  -5.471  0.2969E+01  0.5434E+01
  -5.461  0.3198E+01  0.5465E+01
  -5.451  0.3426E+01  0.5498E+01
  -5.441  0.3806E+01  0.5534E+01
  -5.431  0.4328E+01  0.5575E+01
  -5.421  0.4850E+01  0.5621E+01
  -5.411  0.2385E+01  0.5665E+01
  -5.401  0.2280E+01  0.5688E+01
  -5.391  0.2175E+01  0.5710E+01
  -5.381  0.2070E+01  0.5731E+01
  -5.371  0.1965E+01  0.5752E+01
  -5.361  0.1861E+01  0.5771E+01
  -5.351  0.1756E+01  0.5789E+01
  -5.341  0.1651E+01  0.5806E+01
  -5.331  0.1546E+01  0.5822E+01
  -5.321  0.1441E+01  0.5837E+01
  -5.311  0.1336E+01  0.5851E+01
  -5.301  0.1231E+01  0.5863E+01
  -5.291  0.7527E+00  0.5874E+01
  -5.281  0.1908E+00  0.5878E+01
  -5.271  0.1895E+00  0.5880E+01
  -5.261  0.1882E+00  0.5882E+01
  -5.251  0.1869E+00  0.5884E+01
  -5.241  0.1855E+00  0.5886E+01
  -5.231  0.1842E+00  0.5888E+01
  -5.221  0.1829E+00  0.5889E+01
  -5.211  0.1816E+00  0.5891E+01
  -5.201  0.1802E+00  0.5893E+01
  -5.191  0.1789E+00  0.5895E+01
  -5.181  0.1776E+00  0.5897E+01
  -5.171  0.1763E+00  0.5898E+01
  -5.161  0.1750E+00  0.5900E+01
  -5.151  0.1736E+00  0.5902E+01
  -5.141  0.1723E+00  0.5904E+01
  -5.131  0.1710E+00  0.5905E+01
  -5.121  0.1697E+00  0.5907E+01
  -5.111  0.1684E+00  0.5909E+01
  -5.101  0.1670E+00  0.5910E+01
  -5.091  0.1657E+00  0.5912E+01
  -5.081  0.1644E+00  0.5914E+01
  -5.071  0.5193E+01  0.5916E+01
  -5.061  0.3852E+01  0.5961E+01
  -5.051  0.2933E+01  0.5993E+01
  -5.041  0.3035E+01  0.6023E+01
  -5.031  0.3137E+01  0.6054E+01
  -5.021  0.3239E+01  0.6086E+01
  -5.011  0.3341E+01  0.6119E+01
  -5.001  0.3400E+01  0.6153E+01
  -4.991  0.2360E+01  0.6182E+01
  -4.981  0.1875E+01  0.6202E+01
  -4.971  0.1845E+01  0.6220E+01
  -4.961  0.1816E+01  0.6239E+01
  -4.951  0.1786E+01  0.6257E+01
  -4.941  0.1756E+01  0.6274E+01
  -4.931  0.1727E+01  0.6292E+01
  -4.921  0.1697E+01  0.6309E+01
  -4.911  0.1668E+01  0.6326E+01
  -4.901  0.1638E+01  0.6342E+01
  -4.891  0.1608E+01  0.6358E+01
  -4.881  0.1579E+01  0.6374E+01
  -4.871  0.1549E+01  0.6390E+01
  -4.861  0.1519E+01  0.6405E+01
  -4.851  0.1490E+01  0.6420E+01
  -4.841  0.1460E+01  0.6435E+01
  -4.831  0.1431E+01  0.6450E+01
  -4.821  0.1401E+01  0.6464E+01
  -4.811  0.1371E+01  0.6478E+01
  -4.801  0.1342E+01  0.6491E+01
  -4.791  0.1312E+01  0.6504E+01
  -4.781  0.1305E+01  0.6517E+01
  -4.771  0.1314E+01  0.6530E+01
  -4.761  0.1308E+01  0.6544E+01
  -4.751  0.1302E+01  0.6557E+01
  -4.741  0.1296E+01  0.6570E+01
  -4.731  0.1290E+01  0.6583E+01
  -4.721  0.1284E+01  0.6595E+01
  -4.711  0.1278E+01  0.6608E+01
  -4.701  0.1272E+01  0.6621E+01
  -4.691  0.1265E+01  0.6634E+01
  -4.681  0.1259E+01  0.6646E+01
  -4.671  0.1253E+01  0.6659E+01
  -4.661  0.1247E+01  0.6671E+01
  -4.651  0.1241E+01  0.6684E+01
  -4.641  0.1237E+01  0.6696E+01
  -4.631  0.1289E+01  0.6709E+01
  -4.621  0.1342E+01  0.6722E+01
  -4.611  0.1357E+01  0.6736E+01
  -4.601  0.1350E+01  0.6749E+01
  -4.591  0.1342E+01  0.6763E+01
  -4.581  0.1335E+01  0.6776E+01
  -4.571  0.1328E+01  0.6789E+01
  -4.561  0.1320E+01  0.6802E+01
  -4.551  0.1298E+01  0.6816E+01
  -4.541  0.1289E+01  0.6829E+01
  -4.531  0.1280E+01  0.6841E+01
  -4.521  0.1271E+01  0.6854E+01
  -4.511  0.1262E+01  0.6867E+01
  -4.501  0.1253E+01  0.6879E+01
  -4.491  0.1243E+01  0.6892E+01
  -4.481  0.1234E+01  0.6904E+01
  -4.471  0.1225E+01  0.6917E+01
  -4.461  0.1216E+01  0.6929E+01
  -4.451  0.1207E+01  0.6941E+01
  -4.441  0.1198E+01  0.6953E+01
  -4.431  0.1192E+01  0.6965E+01
  -4.421  0.1186E+01  0.6977E+01
  -4.411  0.1181E+01  0.6989E+01
  -4.401  0.1175E+01  0.7000E+01
  -4.391  0.1169E+01  0.7012E+01
  -4.381  0.1164E+01  0.7024E+01
  -4.371  0.1158E+01  0.7035E+01
  -4.361  0.1152E+01  0.7047E+01
  -4.351  0.1147E+01  0.7058E+01
  -4.341  0.1141E+01  0.7070E+01
  -4.331  0.1135E+01  0.7081E+01
  -4.321  0.1130E+01  0.7093E+01
  -4.311  0.1124E+01  0.7104E+01
  -4.301  0.1394E+01  0.7118E+01
  -4.291  0.1356E+01  0.7131E+01
  -4.281  0.1318E+01  0.7145E+01
  -4.271  0.1280E+01  0.7158E+01
  -4.261  0.1242E+01  0.7170E+01
  -4.251  0.1204E+01  0.7183E+01
  -4.241  0.1166E+01  0.7194E+01
  -4.231  0.1127E+01  0.7206E+01
  -4.221  0.1093E+01  0.7217E+01
  -4.211  0.1060E+01  0.7228E+01
  -4.201  0.1026E+01  0.7238E+01
  -4.191  0.9933E+00  0.7248E+01
  -4.181  0.9601E+00  0.7258E+01
  -4.171  0.9269E+00  0.7268E+01
  -4.161  0.9142E+00  0.7277E+01
  -4.151  0.9233E+00  0.7286E+01
  -4.141  0.9324E+00  0.7295E+01
  -4.131  0.9415E+00  0.7305E+01
  -4.121  0.9506E+00  0.7314E+01
  -4.111  0.9596E+00  0.7324E+01
  -4.101  0.9687E+00  0.7333E+01
  -4.091  0.9778E+00  0.7343E+01
  -4.081  0.9869E+00  0.7353E+01
  -4.071  0.9959E+00  0.7363E+01
  -4.061  0.1005E+01  0.7373E+01
  -4.051  0.1014E+01  0.7383E+01
  -4.041  0.1023E+01  0.7393E+01
  -4.031  0.1032E+01  0.7403E+01
  -4.021  0.1041E+01  0.7414E+01
  -4.011  0.1050E+01  0.7424E+01
  -4.001  0.1060E+01  0.7435E+01
  -3.991  0.1071E+01  0.7445E+01
  -3.981  0.1081E+01  0.7456E+01
  -3.971  0.1104E+01  0.7467E+01
  -3.961  0.1139E+01  0.7478E+01
  -3.951  0.1173E+01  0.7490E+01
  -3.941  0.1208E+01  0.7502E+01
  -3.931  0.1242E+01  0.7514E+01
  -3.921  0.1277E+01  0.7526E+01
  -3.911  0.4544E+01  0.7561E+01
  -3.901  0.1985E+01  0.7593E+01
  -3.891  0.1015E+01  0.7605E+01
  -3.881  0.9973E+00  0.7615E+01
  -3.871  0.9791E+00  0.7625E+01
  -3.861  0.9609E+00  0.7635E+01
  -3.851  0.9428E+00  0.7644E+01
  -3.841  0.9246E+00  0.7654E+01
  -3.831  0.9064E+00  0.7663E+01
  -3.821  0.8882E+00  0.7672E+01
  -3.811  0.8700E+00  0.7681E+01
  -3.801  0.8518E+00  0.7689E+01
  -3.791  0.8337E+00  0.7698E+01
  -3.781  0.8155E+00  0.7706E+01
  -3.771  0.7973E+00  0.7714E+01
  -3.761  0.7791E+00  0.7722E+01
  -3.751  0.7609E+00  0.7730E+01
  -3.741  0.7427E+00  0.7737E+01
  -3.731  0.7246E+00  0.7744E+01
  -3.721  0.7064E+00  0.7752E+01
  -3.711  0.6882E+00  0.7759E+01
  -3.701  0.6700E+00  0.7765E+01
  -3.691  0.6518E+00  0.7772E+01
  -3.681  0.6336E+00  0.7778E+01
  -3.671  0.6155E+00  0.7785E+01
  -3.661  0.5973E+00  0.7791E+01
  -3.651  0.5791E+00  0.7797E+01
  -3.641  0.5609E+00  0.7802E+01
  -3.631  0.5427E+00  0.7808E+01
  -3.621  0.5246E+00  0.7813E+01
  -3.611  0.5064E+00  0.7818E+01
  -3.601  0.5116E+00  0.7823E+01
  -3.591  0.5187E+00  0.7828E+01
  -3.581  0.5257E+00  0.7834E+01
  -3.571  0.5328E+00  0.7839E+01
  -3.561  0.5399E+00  0.7844E+01
  -3.551  0.5470E+00  0.7850E+01
  -3.541  0.5541E+00  0.7855E+01
  -3.531  0.5612E+00  0.7861E+01
  -3.521  0.5682E+00  0.7867E+01
  -3.511  0.5753E+00  0.7872E+01
  -3.501  0.5824E+00  0.7878E+01
  -3.491  0.5895E+00  0.7884E+01
  -3.481  0.5966E+00  0.7890E+01
  -3.471  0.6036E+00  0.7896E+01
  -3.461  0.6107E+00  0.7902E+01
  -3.451  0.6178E+00  0.7908E+01
  -3.441  0.6249E+00  0.7914E+01
  -3.431  0.2946E+00  0.7918E+01
  -3.421  0.2892E+00  0.7921E+01
  -3.411  0.2839E+00  0.7924E+01
  -3.401  0.2786E+00  0.7927E+01
  -3.391  0.2733E+00  0.7930E+01
  -3.381  0.2680E+00  0.7933E+01
  -3.371  0.2626E+00  0.7935E+01
  -3.361  0.2573E+00  0.7938E+01
  -3.351  0.2520E+00  0.7940E+01
  -3.341  0.2467E+00  0.7943E+01
  -3.331  0.2413E+00  0.7945E+01
  -3.321  0.2360E+00  0.7948E+01
  -3.311  0.2307E+00  0.7950E+01
  -3.301  0.2254E+00  0.7952E+01
  -3.291  0.2200E+00  0.7955E+01
  -3.281  0.2147E+00  0.7957E+01
  -3.271  0.2094E+00  0.7959E+01
  -3.261  0.2041E+00  0.7961E+01
  -3.251  0.1988E+00  0.7963E+01
  -3.241  0.1934E+00  0.7965E+01
  -3.231  0.1881E+00  0.7967E+01
  -3.221  0.1828E+00  0.7969E+01
  -3.211  0.1775E+00  0.7970E+01
  -3.201  0.1721E+00  0.7972E+01
  -3.191  0.1668E+00  0.7974E+01
  -3.181  0.1615E+00  0.7975E+01
  -3.171  0.1562E+00  0.7977E+01
  -3.161  0.1509E+00  0.7979E+01
  -3.151  0.1455E+00  0.7980E+01
  -3.141  0.1402E+00  0.7982E+01
  -3.131  0.1349E+00  0.7983E+01
  -3.121  0.1296E+00  0.7984E+01
  -3.111  0.1242E+00  0.7985E+01
  -3.101  0.1189E+00  0.7987E+01
  -3.091  0.1136E+00  0.7988E+01
  -3.081  0.1083E+00  0.7989E+01
  -3.071  0.1030E+00  0.7990E+01
  -3.061  0.9763E-01  0.7991E+01
  -3.051  0.9231E-01  0.7992E+01
  -3.041  0.8699E-01  0.7993E+01
  -3.031  0.8166E-01  0.7994E+01
  -3.021  0.7634E-01  0.7995E+01
  -3.011  0.7102E-01  0.7995E+01
  -3.001  0.6570E-01  0.7996E+01
  -2.991  0.6037E-01  0.7997E+01
  -2.981  0.5505E-01  0.7997E+01
  -2.971  0.4973E-01  0.7998E+01
  -2.961  0.4441E-01  0.7998E+01
  -2.951  0.3908E-01  0.7999E+01
  -2.941  0.3376E-01  0.7999E+01
  -2.931  0.2844E-01  0.7999E+01
  -2.921  0.2312E-01  0.7999E+01
  -2.911  0.1779E-01  0.8000E+01
  -2.901  0.1247E-01  0.8000E+01
  -2.891  0.7150E-02  0.8000E+01
  -2.881  0.1827E-02  0.8000E+01
  -2.871  0.3835E-02  0.8000E+01
  -2.861  0.9838E-02  0.8000E+01
  -2.851  0.1584E-01  0.8000E+01
  -2.841  0.2185E-01  0.8000E+01
  -2.831  0.2785E-01  0.8001E+01
  -2.821  0.3385E-01  0.8001E+01
  -2.811  0.3986E-01  0.8001E+01
  -2.801  0.4586E-01  0.8002E+01
  -2.791  0.5186E-01  0.8002E+01
  -2.781  0.5787E-01  0.8003E+01
  -2.771  0.6387E-01  0.8003E+01
  -2.761  0.6987E-01  0.8004E+01
  -2.751  0.7588E-01  0.8005E+01
  -2.741  0.8188E-01  0.8006E+01
  -2.731  0.8789E-01  0.8006E+01
  -2.721  0.9389E-01  0.8007E+01
  -2.711  0.9989E-01  0.8008E+01
  -2.701  0.1059E+00  0.8009E+01
  -2.691  0.1119E+00  0.8010E+01
  -2.681  0.1179E+00  0.8012E+01
  -2.671  0.1239E+00  0.8013E+01
  -2.661  0.1299E+00  0.8014E+01
  -2.651  0.1359E+00  0.8015E+01
  -2.641  0.1419E+00  0.8017E+01
  -2.631  0.1479E+00  0.8018E+01
  -2.621  0.1539E+00  0.8020E+01
  -2.611  0.1599E+00  0.8021E+01
  -2.601  0.1659E+00  0.8023E+01
  -2.591  0.1719E+00  0.8025E+01
  -2.581  0.1779E+00  0.8026E+01
  -2.571  0.1839E+00  0.8028E+01
  -2.561  0.1899E+00  0.8030E+01
  -2.551  0.1959E+00  0.8032E+01
  -2.541  0.2020E+00  0.8034E+01
  -2.531  0.2080E+00  0.8036E+01
  -2.521  0.2140E+00  0.8038E+01
  -2.511  0.2200E+00  0.8040E+01
  -2.501  0.2260E+00  0.8043E+01
  -2.491  0.2320E+00  0.8045E+01
  -2.481  0.2380E+00  0.8047E+01
  -2.471  0.2440E+00  0.8050E+01
  -2.461  0.2500E+00  0.8052E+01
  -2.451  0.2560E+00  0.8055E+01
  -2.441  0.2620E+00  0.8057E+01
  -2.431  0.2680E+00  0.8060E+01
  -2.421  0.2740E+00  0.8063E+01
  -2.411  0.2800E+00  0.8065E+01
  -2.401  0.2860E+00  0.8068E+01
  -2.391  0.2920E+00  0.8071E+01
  -2.381  0.2980E+00  0.8074E+01
  -2.371  0.3040E+00  0.8077E+01
  -2.361  0.3100E+00  0.8080E+01
  -2.351  0.3160E+00  0.8083E+01
  -2.341  0.1762E+01  0.8102E+01
  -2.331  0.1368E+01  0.8117E+01
  -2.321  0.9741E+00  0.8129E+01
  -2.311  0.5804E+00  0.8137E+01
  -2.301  0.5287E+00  0.8142E+01
  -2.291  0.5704E+00  0.8148E+01
  -2.281  0.6122E+00  0.8154E+01
  -2.271  0.6539E+00  0.8160E+01
  -2.261  0.6956E+00  0.8167E+01
  -2.251  0.7373E+00  0.8174E+01
  -2.241  0.7798E+00  0.8181E+01
  -2.231  0.9324E+00  0.8190E+01
  -2.221  0.1085E+01  0.8200E+01
  -2.211  0.1238E+01  0.8212E+01
  -2.201  0.1390E+01  0.8225E+01
  -2.191  0.1543E+01  0.8239E+01
  -2.181  0.1696E+01  0.8256E+01
  -2.171  0.1848E+01  0.8273E+01
  -2.161  0.2001E+01  0.8293E+01
  -2.151  0.2154E+01  0.8313E+01
  -2.141  0.2306E+01  0.8336E+01
  -2.131  0.2459E+01  0.8360E+01
  -2.121  0.1311E+01  0.8377E+01
  -2.111  0.1288E+01  0.8390E+01
  -2.101  0.1265E+01  0.8403E+01
  -2.091  0.1243E+01  0.8415E+01
  -2.081  0.1220E+01  0.8428E+01
  -2.071  0.1197E+01  0.8440E+01
  -2.061  0.1175E+01  0.8452E+01
  -2.051  0.1152E+01  0.8463E+01
  -2.041  0.1129E+01  0.8475E+01
  -2.031  0.1106E+01  0.8486E+01
  -2.021  0.1084E+01  0.8497E+01
  -2.011  0.1061E+01  0.8508E+01
  -2.001  0.1038E+01  0.8518E+01
  -1.991  0.1016E+01  0.8528E+01
  -1.981  0.9929E+00  0.8538E+01
  -1.971  0.9702E+00  0.8548E+01
  -1.961  0.9475E+00  0.8558E+01
  -1.951  0.9248E+00  0.8567E+01
  -1.941  0.9021E+00  0.8576E+01
  -1.931  0.8794E+00  0.8585E+01
  -1.921  0.8677E+00  0.8594E+01
  -1.911  0.8640E+00  0.8603E+01
  -1.901  0.8603E+00  0.8611E+01
  -1.891  0.8566E+00  0.8620E+01
  -1.881  0.8529E+00  0.8628E+01
  -1.871  0.8492E+00  0.8637E+01
  -1.861  0.8478E+00  0.8645E+01
  -1.851  0.8466E+00  0.8654E+01
  -1.841  0.8454E+00  0.8662E+01
  -1.831  0.8442E+00  0.8671E+01
  -1.821  0.8429E+00  0.8679E+01
  -1.811  0.8417E+00  0.8687E+01
  -1.801  0.8405E+00  0.8696E+01
  -1.791  0.8519E+00  0.8704E+01
  -1.781  0.8681E+00  0.8713E+01
  -1.771  0.8843E+00  0.8722E+01
  -1.761  0.9005E+00  0.8731E+01
  -1.751  0.9167E+00  0.8740E+01
  -1.741  0.9329E+00  0.8749E+01
  -1.731  0.9491E+00  0.8758E+01
  -1.721  0.9695E+00  0.8768E+01
  -1.711  0.9900E+00  0.8778E+01
  -1.701  0.1011E+01  0.8788E+01
  -1.691  0.1031E+01  0.8798E+01
  -1.681  0.1052E+01  0.8808E+01
  -1.671  0.1072E+01  0.8819E+01
  -1.661  0.1093E+01  0.8830E+01
  -1.651  0.1113E+01  0.8841E+01
  -1.641  0.1134E+01  0.8852E+01
  -1.631  0.1154E+01  0.8864E+01
  -1.621  0.1175E+01  0.8875E+01
  -1.611  0.1195E+01  0.8887E+01
  -1.601  0.1216E+01  0.8899E+01
  -1.591  0.1229E+01  0.8911E+01
  -1.581  0.1223E+01  0.8924E+01
  -1.571  0.1218E+01  0.8936E+01
  -1.561  0.1212E+01  0.8948E+01
  -1.551  0.1206E+01  0.8960E+01
  -1.541  0.1200E+01  0.8972E+01
  -1.531  0.1194E+01  0.8984E+01
  -1.521  0.1189E+01  0.8996E+01
  -1.511  0.1183E+01  0.9008E+01
  -1.501  0.1177E+01  0.9020E+01
  -1.491  0.1171E+01  0.9031E+01
  -1.481  0.1171E+01  0.9043E+01
  -1.471  0.1180E+01  0.9055E+01
  -1.461  0.1190E+01  0.9067E+01
  -1.451  0.1199E+01  0.9079E+01
  -1.441  0.1209E+01  0.9091E+01
  -1.431  0.1218E+01  0.9103E+01
  -1.421  0.1227E+01  0.9115E+01
  -1.411  0.1237E+01  0.9127E+01
  -1.401  0.1246E+01  0.9140E+01
  -1.391  0.1256E+01  0.9152E+01
  -1.381  0.1265E+01  0.9165E+01
  -1.371  0.1274E+01  0.9178E+01
  -1.361  0.1284E+01  0.9190E+01
  -1.351  0.1293E+01  0.9203E+01
  -1.341  0.1303E+01  0.9216E+01
  -1.331  0.1312E+01  0.9229E+01
  -1.321  0.1321E+01  0.9242E+01
  -1.311  0.1331E+01  0.9256E+01
  -1.301  0.1340E+01  0.9269E+01
  -1.291  0.1350E+01  0.9282E+01
  -1.281  0.1359E+01  0.9296E+01
  -1.271  0.1368E+01  0.9310E+01
  -1.261  0.1378E+01  0.9323E+01
  -1.251  0.1387E+01  0.9337E+01
  -1.241  0.1310E+01  0.9351E+01
  -1.231  0.1310E+01  0.9364E+01
  -1.221  0.1310E+01  0.9377E+01
  -1.211  0.1311E+01  0.9390E+01
  -1.201  0.1309E+01  0.9403E+01
  -1.191  0.1307E+01  0.9416E+01
  -1.181  0.1306E+01  0.9429E+01
  -1.171  0.1304E+01  0.9442E+01
  -1.161  0.1302E+01  0.9455E+01
  -1.151  0.1301E+01  0.9468E+01
  -1.141  0.1299E+01  0.9481E+01
  -1.131  0.1297E+01  0.9494E+01
  -1.121  0.1296E+01  0.9507E+01
  -1.111  0.1286E+01  0.9520E+01
  -1.101  0.1277E+01  0.9533E+01
  -1.091  0.1269E+01  0.9546E+01
  -1.081  0.1260E+01  0.9558E+01
  -1.071  0.1252E+01  0.9571E+01
  -1.061  0.1243E+01  0.9583E+01
  -1.051  0.1235E+01  0.9596E+01
  -1.041  0.1227E+01  0.9608E+01
  -1.031  0.1218E+01  0.9620E+01
  -1.021  0.1210E+01  0.9632E+01
  -1.011  0.1211E+01  0.9645E+01
  -1.001  0.1212E+01  0.9657E+01
  -0.991  0.1213E+01  0.9669E+01
  -0.981  0.1216E+01  0.9681E+01
  -0.971  0.1222E+01  0.9693E+01
  -0.961  0.1229E+01  0.9705E+01
  -0.951  0.1236E+01  0.9718E+01
  -0.941  0.1249E+01  0.9730E+01
  -0.931  0.1262E+01  0.9743E+01
  -0.921  0.1274E+01  0.9755E+01
  -0.911  0.1287E+01  0.9768E+01
  -0.901  0.1300E+01  0.9781E+01
  -0.891  0.1312E+01  0.9794E+01
  -0.881  0.1325E+01  0.9807E+01
  -0.871  0.1338E+01  0.9821E+01
  -0.861  0.1350E+01  0.9834E+01
  -0.851  0.1363E+01  0.9848E+01
  -0.841  0.1372E+01  0.9861E+01
  -0.831  0.1380E+01  0.9875E+01
  -0.821  0.1388E+01  0.9889E+01
  -0.811  0.1395E+01  0.9903E+01
  -0.801  0.1403E+01  0.9917E+01
  -0.791  0.1411E+01  0.9931E+01
  -0.781  0.1419E+01  0.9945E+01
  -0.771  0.1433E+01  0.9959E+01
  -0.761  0.1452E+01  0.9974E+01
  -0.751  0.1471E+01  0.9988E+01
  -0.741  0.1490E+01  0.1000E+02
  -0.731  0.1509E+01  0.1002E+02
  -0.721  0.1528E+01  0.1003E+02
  -0.711  0.1548E+01  0.1005E+02
  -0.701  0.1567E+01  0.1006E+02
  -0.691  0.1586E+01  0.1008E+02
  -0.681  0.1605E+01  0.1010E+02
  -0.671  0.1624E+01  0.1011E+02
  -0.661  0.1643E+01  0.1013E+02
  -0.651  0.1663E+01  0.1015E+02
  -0.641  0.1682E+01  0.1016E+02
  -0.631  0.1701E+01  0.1018E+02
  -0.621  0.1720E+01  0.1020E+02
  -0.611  0.1739E+01  0.1021E+02
  -0.601  0.1758E+01  0.1023E+02
  -0.591  0.1762E+01  0.1025E+02
  -0.581  0.1749E+01  0.1027E+02
  -0.571  0.1736E+01  0.1028E+02
  -0.561  0.1723E+01  0.1030E+02
  -0.551  0.1710E+01  0.1032E+02
  -0.541  0.1696E+01  0.1033E+02
  -0.531  0.1683E+01  0.1035E+02
  -0.521  0.1670E+01  0.1037E+02
  -0.511  0.3153E+01  0.1039E+02
  -0.501  0.2812E+01  0.1042E+02
  -0.491  0.2471E+01  0.1045E+02
  -0.481  0.2131E+01  0.1047E+02
  -0.471  0.1790E+01  0.1049E+02
  -0.461  0.1449E+01  0.1051E+02
  -0.451  0.1366E+01  0.1052E+02
  -0.441  0.1345E+01  0.1054E+02
  -0.431  0.1331E+01  0.1055E+02
  -0.421  0.1317E+01  0.1056E+02
  -0.411  0.1303E+01  0.1058E+02
  -0.401  0.1289E+01  0.1059E+02
  -0.391  0.1275E+01  0.1060E+02
  -0.381  0.1261E+01  0.1062E+02
  -0.371  0.1247E+01  0.1063E+02
  -0.361  0.1233E+01  0.1064E+02
  -0.351  0.1219E+01  0.1065E+02
  -0.341  0.1205E+01  0.1066E+02
  -0.331  0.1191E+01  0.1068E+02
  -0.321  0.1177E+01  0.1069E+02
  -0.311  0.1163E+01  0.1070E+02
  -0.301  0.1149E+01  0.1071E+02
  -0.291  0.1135E+01  0.1072E+02
  -0.281  0.1121E+01  0.1073E+02
  -0.271  0.1204E+01  0.1075E+02
  -0.261  0.1458E+01  0.1076E+02
  -0.251  0.1711E+01  0.1077E+02
  -0.241  0.1965E+01  0.1079E+02
  -0.231  0.2219E+01  0.1081E+02
  -0.221  0.2472E+01  0.1084E+02
  -0.211  0.2253E+01  0.1086E+02
  -0.201  0.2252E+01  0.1088E+02
  -0.191  0.2251E+01  0.1091E+02
  -0.181  0.2250E+01  0.1093E+02
  -0.171  0.2387E+01  0.1095E+02
  -0.161  0.2532E+01  0.1098E+02
  -0.151  0.2677E+01  0.1100E+02
  -0.141  0.3024E+01  0.1103E+02
  -0.131  0.3382E+01  0.1106E+02
  -0.121  0.3739E+01  0.1110E+02
  -0.111  0.4097E+01  0.1114E+02
  -0.101  0.4455E+01  0.1118E+02
  -0.091  0.4704E+01  0.1123E+02
  -0.081  0.3481E+01  0.1127E+02
  -0.071  0.2257E+01  0.1130E+02
  -0.061  0.7699E+00  0.1131E+02
  -0.051  0.7646E+00  0.1132E+02
  -0.041  0.7573E+00  0.1132E+02
  -0.031  0.7498E+00  0.1133E+02
  -0.021  0.7424E+00  0.1134E+02
  -0.011  0.7350E+00  0.1135E+02
  -0.001  0.7276E+00  0.1135E+02
   0.009  0.7202E+00  0.1136E+02
   0.019  0.7128E+00  0.1137E+02
   0.029  0.7062E+00  0.1138E+02
   0.039  0.7231E+00  0.1138E+02
   0.049  0.7758E+00  0.1139E+02
   0.059  0.8285E+00  0.1140E+02
   0.069  0.8811E+00  0.1141E+02
   0.079  0.9338E+00  0.1142E+02
   0.089  0.1054E+01  0.1143E+02
   0.099  0.1225E+01  0.1144E+02
   0.109  0.1396E+01  0.1145E+02
   0.119  0.1567E+01  0.1147E+02
   0.129  0.1738E+01  0.1148E+02
   0.139  0.1908E+01  0.1150E+02
   0.149  0.2079E+01  0.1152E+02
   0.159  0.2250E+01  0.1154E+02
   0.169  0.2421E+01  0.1157E+02
   0.179  0.8859E+00  0.1158E+02
   0.189  0.8903E+00  0.1159E+02
   0.199  0.8947E+00  0.1159E+02
   0.209  0.8991E+00  0.1160E+02
   0.219  0.9035E+00  0.1161E+02
   0.229  0.1342E+01  0.1162E+02
   0.239  0.1320E+01  0.1164E+02
   0.249  0.1298E+01  0.1165E+02
   0.259  0.1277E+01  0.1166E+02
   0.269  0.1255E+01  0.1167E+02
   0.279  0.1234E+01  0.1169E+02
   0.289  0.1212E+01  0.1170E+02
   0.299  0.1190E+01  0.1171E+02
   0.309  0.1169E+01  0.1172E+02
   0.319  0.1147E+01  0.1173E+02
   0.329  0.1126E+01  0.1175E+02
   0.339  0.1104E+01  0.1176E+02
   0.349  0.1082E+01  0.1177E+02
   0.359  0.1061E+01  0.1178E+02
   0.369  0.1039E+01  0.1179E+02
   0.379  0.1018E+01  0.1180E+02
   0.389  0.8013E+00  0.1181E+02
   0.399  0.7716E+00  0.1182E+02
   0.409  0.7420E+00  0.1182E+02
   0.419  0.7123E+00  0.1183E+02
   0.429  0.6827E+00  0.1184E+02
   0.439  0.6530E+00  0.1184E+02
   0.449  0.6233E+00  0.1185E+02
   0.459  0.6100E+00  0.1186E+02
   0.469  0.6115E+00  0.1186E+02
   0.479  0.6131E+00  0.1187E+02
   0.489  0.6146E+00  0.1188E+02
   0.499  0.6161E+00  0.1188E+02
   0.509  0.6176E+00  0.1189E+02
   0.519  0.6191E+00  0.1189E+02
   0.529  0.6206E+00  0.1190E+02
   0.539  0.6221E+00  0.1191E+02
   0.549  0.6237E+00  0.1191E+02
   0.559  0.6252E+00  0.1192E+02
   0.569  0.6267E+00  0.1193E+02
   0.579  0.6282E+00  0.1193E+02
   0.589  0.6297E+00  0.1194E+02
   0.599  0.6312E+00  0.1194E+02
   0.609  0.6327E+00  0.1195E+02
   0.619  0.6342E+00  0.1196E+02
   0.629  0.6379E+00  0.1196E+02
   0.639  0.6633E+00  0.1197E+02
   0.649  0.6888E+00  0.1198E+02
   0.659  0.7142E+00  0.1198E+02
   0.669  0.7396E+00  0.1199E+02
   0.679  0.7650E+00  0.1200E+02
   0.689  0.7904E+00  0.1201E+02
   0.699  0.8158E+00  0.1201E+02
   0.709  0.8412E+00  0.1202E+02
   0.719  0.8666E+00  0.1203E+02
   0.729  0.8920E+00  0.1204E+02
   0.739  0.9174E+00  0.1205E+02
   0.749  0.9428E+00  0.1206E+02
   0.759  0.9682E+00  0.1207E+02
   0.769  0.9936E+00  0.1208E+02
   0.779  0.1019E+01  0.1209E+02
   0.789  0.1044E+01  0.1210E+02
   0.799  0.1070E+01  0.1211E+02
   0.809  0.1095E+01  0.1212E+02
   0.819  0.1121E+01  0.1213E+02
   0.829  0.1146E+01  0.1214E+02
   0.839  0.1171E+01  0.1215E+02
   0.849  0.1197E+01  0.1216E+02
   0.859  0.1222E+01  0.1218E+02
   0.869  0.1248E+01  0.1219E+02
   0.879  0.8146E+00  0.1220E+02
   0.889  0.8210E+00  0.1221E+02
   0.899  0.8275E+00  0.1221E+02
   0.909  0.8339E+00  0.1222E+02
   0.919  0.8403E+00  0.1223E+02
   0.929  0.8468E+00  0.1224E+02
   0.939  0.8532E+00  0.1225E+02
   0.949  0.8597E+00  0.1226E+02
   0.959  0.8661E+00  0.1227E+02
   0.969  0.8726E+00  0.1227E+02
   0.979  0.8790E+00  0.1228E+02
   0.989  0.8855E+00  0.1229E+02
   0.999  0.8919E+00  0.1230E+02
   1.009  0.8983E+00  0.1231E+02
   1.019  0.9048E+00  0.1232E+02
   1.029  0.9112E+00  0.1233E+02
   1.039  0.9177E+00  0.1234E+02
   1.049  0.9241E+00  0.1235E+02
   1.059  0.9306E+00  0.1236E+02
   1.069  0.9370E+00  0.1236E+02
   1.079  0.9435E+00  0.1237E+02
   1.089  0.9499E+00  0.1238E+02
   1.099  0.9563E+00  0.1239E+02
   1.109  0.9628E+00  0.1240E+02
   1.119  0.9692E+00  0.1241E+02
   1.129  0.9757E+00  0.1242E+02
   1.139  0.9821E+00  0.1243E+02
   1.149  0.1015E+01  0.1244E+02
   1.159  0.1053E+01  0.1245E+02
   1.169  0.1091E+01  0.1246E+02
   1.179  0.1129E+01  0.1247E+02
   1.189  0.1157E+01  0.1249E+02
   1.199  0.1183E+01  0.1250E+02
   1.209  0.1208E+01  0.1251E+02
   1.219  0.1233E+01  0.1252E+02
   1.229  0.1258E+01  0.1253E+02
   1.239  0.1286E+01  0.1255E+02
   1.249  0.1329E+01  0.1256E+02
   1.259  0.1373E+01  0.1257E+02
   1.269  0.1416E+01  0.1259E+02
   1.279  0.1459E+01  0.1260E+02
   1.289  0.1502E+01  0.1262E+02
   1.299  0.1545E+01  0.1263E+02
   1.309  0.1589E+01  0.1265E+02
   1.319  0.1632E+01  0.1266E+02
   1.329  0.1675E+01  0.1268E+02
   1.339  0.1718E+01  0.1270E+02
   1.349  0.1762E+01  0.1271E+02
   1.359  0.1805E+01  0.1273E+02
   1.369  0.1835E+01  0.1275E+02
   1.379  0.2024E+01  0.1277E+02
   1.389  0.1857E+01  0.1279E+02
   1.399  0.1690E+01  0.1281E+02
   1.409  0.1524E+01  0.1282E+02
   1.419  0.1357E+01  0.1284E+02
   1.429  0.1191E+01  0.1285E+02
   1.439  0.1024E+01  0.1286E+02
   1.449  0.8828E+00  0.1287E+02
   1.459  0.8766E+00  0.1288E+02
   1.469  0.8779E+00  0.1289E+02
   1.479  0.9862E+00  0.1290E+02
   1.489  0.2053E+01  0.1291E+02
   1.499  0.2142E+01  0.1293E+02
   1.509  0.2230E+01  0.1295E+02
   1.519  0.2318E+01  0.1297E+02
   1.529  0.2407E+01  0.1300E+02
   1.539  0.2369E+01  0.1302E+02
   1.549  0.2311E+01  0.1305E+02
   1.559  0.2253E+01  0.1307E+02
   1.569  0.2195E+01  0.1309E+02
   1.579  0.2137E+01  0.1311E+02
   1.589  0.2079E+01  0.1313E+02
   1.599  0.2102E+01  0.1315E+02
   1.609  0.2207E+01  0.1318E+02
   1.619  0.2312E+01  0.1320E+02
   1.629  0.2459E+01  0.1322E+02
   1.639  0.2621E+01  0.1325E+02
   1.649  0.2789E+01  0.1327E+02
   1.659  0.2996E+01  0.1330E+02
   1.669  0.3202E+01  0.1333E+02
   1.679  0.3409E+01  0.1337E+02
   1.689  0.2253E+01  0.1339E+02
   1.699  0.2309E+01  0.1341E+02
   1.709  0.2366E+01  0.1344E+02
   1.719  0.2423E+01  0.1346E+02
   1.729  0.2480E+01  0.1349E+02
   1.739  0.2537E+01  0.1351E+02
   1.749  0.2593E+01  0.1354E+02
   1.759  0.2650E+01  0.1356E+02
   1.769  0.2707E+01  0.1359E+02
   1.779  0.2764E+01  0.1362E+02
   1.789  0.2821E+01  0.1364E+02
   1.799  0.2878E+01  0.1367E+02
   1.809  0.2934E+01  0.1370E+02
   1.819  0.2497E+01  0.1373E+02
   1.829  0.2513E+01  0.1376E+02
   1.839  0.2529E+01  0.1378E+02
   1.849  0.2545E+01  0.1381E+02
   1.859  0.2560E+01  0.1383E+02
   1.869  0.2576E+01  0.1386E+02
   1.879  0.2592E+01  0.1388E+02
   1.889  0.2608E+01  0.1391E+02
   1.899  0.2622E+01  0.1394E+02
   1.909  0.2632E+01  0.1396E+02
   1.919  0.2643E+01  0.1399E+02
   1.929  0.4806E+01  0.1402E+02
   1.939  0.4067E+01  0.1407E+02
   1.949  0.3328E+01  0.1410E+02
   1.959  0.2602E+01  0.1413E+02
   1.969  0.2592E+01  0.1416E+02
   1.979  0.2334E+01  0.1418E+02
   1.989  0.1948E+01  0.1420E+02
   1.999  0.1860E+01  0.1422E+02
   2.009  0.1843E+01  0.1424E+02
   2.019  0.1826E+01  0.1426E+02
   2.029  0.1809E+01  0.1428E+02
   2.039  0.1792E+01  0.1430E+02
   2.049  0.1776E+01  0.1431E+02
   2.059  0.1759E+01  0.1433E+02
   2.069  0.1742E+01  0.1435E+02
   2.079  0.1725E+01  0.1437E+02
   2.089  0.1708E+01  0.1438E+02
   2.099  0.1691E+01  0.1440E+02
   2.109  0.1674E+01  0.1442E+02
   2.119  0.1657E+01  0.1443E+02
   2.129  0.1640E+01  0.1445E+02
   2.139  0.1624E+01  0.1447E+02
   2.149  0.1607E+01  0.1448E+02
   2.159  0.1590E+01  0.1450E+02
   2.169  0.1575E+01  0.1452E+02
   2.179  0.1561E+01  0.1453E+02
   2.189  0.1546E+01  0.1455E+02
   2.199  0.1532E+01  0.1456E+02
   2.209  0.1518E+01  0.1458E+02
   2.219  0.1503E+01  0.1459E+02
   2.229  0.1489E+01  0.1461E+02
   2.239  0.1473E+01  0.1462E+02
   2.249  0.1457E+01  0.1464E+02
   2.259  0.1442E+01  0.1465E+02
   2.269  0.1426E+01  0.1467E+02
   2.279  0.1410E+01  0.1468E+02
   2.289  0.1394E+01  0.1469E+02
   2.299  0.1382E+01  0.1471E+02
   2.309  0.1370E+01  0.1472E+02
   2.319  0.1358E+01  0.1473E+02
   2.329  0.1345E+01  0.1475E+02
   2.339  0.1333E+01  0.1476E+02
   2.349  0.1321E+01  0.1478E+02
   2.359  0.1308E+01  0.1479E+02
   2.369  0.1296E+01  0.1480E+02
   2.379  0.1284E+01  0.1481E+02
   2.389  0.1272E+01  0.1483E+02
   2.399  0.1259E+01  0.1484E+02
   2.409  0.1247E+01  0.1485E+02
   2.419  0.1235E+01  0.1486E+02
   2.429  0.1223E+01  0.1488E+02
   2.439  0.1210E+01  0.1489E+02
   2.449  0.1198E+01  0.1490E+02
   2.459  0.1186E+01  0.1491E+02
   2.469  0.1174E+01  0.1492E+02
   2.479  0.1345E+01  0.1494E+02
   2.489  0.1315E+01  0.1495E+02
   2.499  0.1285E+01  0.1496E+02
   2.509  0.1254E+01  0.1498E+02
   2.519  0.1224E+01  0.1499E+02
   2.529  0.1194E+01  0.1500E+02
   2.539  0.1163E+01  0.1501E+02
   2.549  0.1133E+01  0.1502E+02
   2.559  0.1103E+01  0.1504E+02
   2.569  0.1072E+01  0.1505E+02
   2.579  0.1042E+01  0.1506E+02
   2.589  0.1012E+01  0.1507E+02
   2.599  0.9814E+00  0.1508E+02
   2.609  0.9511E+00  0.1509E+02
   2.619  0.9208E+00  0.1510E+02
   2.629  0.8905E+00  0.1511E+02
   2.639  0.8602E+00  0.1511E+02
   2.649  0.8298E+00  0.1512E+02
   2.659  0.8107E+00  0.1513E+02
   2.669  0.7933E+00  0.1514E+02
   2.679  0.7758E+00  0.1515E+02
   2.689  0.7584E+00  0.1515E+02
   2.699  0.7410E+00  0.1516E+02
   2.709  0.7235E+00  0.1517E+02
   2.719  0.7135E+00  0.1518E+02
   2.729  0.7241E+00  0.1518E+02
   2.739  0.7347E+00  0.1519E+02
   2.749  0.7453E+00  0.1520E+02
   2.759  0.7559E+00  0.1521E+02
   2.769  0.7675E+00  0.1521E+02
   2.779  0.7792E+00  0.1522E+02
   2.789  0.7908E+00  0.1523E+02
   2.799  0.8024E+00  0.1524E+02
   2.809  0.8141E+00  0.1525E+02
   2.819  0.8257E+00  0.1525E+02
   2.829  0.8373E+00  0.1526E+02
   2.839  0.8490E+00  0.1527E+02
   2.849  0.8606E+00  0.1528E+02
   2.859  0.8722E+00  0.1529E+02
   2.869  0.8839E+00  0.1530E+02
   2.879  0.8955E+00  0.1530E+02
   2.889  0.9071E+00  0.1531E+02
   2.899  0.9188E+00  0.1532E+02
   2.909  0.9304E+00  0.1533E+02
   2.919  0.9420E+00  0.1534E+02
   2.929  0.9561E+00  0.1535E+02
   2.939  0.9739E+00  0.1536E+02
   2.949  0.9918E+00  0.1537E+02
   2.959  0.1004E+01  0.1538E+02
   2.969  0.1003E+01  0.1539E+02
   2.979  0.1003E+01  0.1540E+02
   2.989  0.1003E+01  0.1541E+02
   2.999  0.1003E+01  0.1542E+02
   3.009  0.1003E+01  0.1543E+02
   3.019  0.1003E+01  0.1544E+02
   3.029  0.1003E+01  0.1545E+02
   3.039  0.1002E+01  0.1546E+02
   3.049  0.1002E+01  0.1547E+02
   3.059  0.1002E+01  0.1548E+02
   3.069  0.1002E+01  0.1549E+02
   3.079  0.1002E+01  0.1550E+02
   3.089  0.1002E+01  0.1551E+02
   3.099  0.1001E+01  0.1552E+02
   3.109  0.1001E+01  0.1553E+02
   3.119  0.1001E+01  0.1554E+02
   3.129  0.1001E+01  0.1555E+02
   3.139  0.1001E+01  0.1556E+02
   3.149  0.1795E+01  0.1558E+02
   3.159  0.1722E+01  0.1559E+02
   3.169  0.5405E+01  0.1562E+02
   3.179  0.4628E+01  0.1567E+02
   3.189  0.3852E+01  0.1571E+02
   3.199  0.3076E+01  0.1575E+02
   3.209  0.2300E+01  0.1577E+02
   3.219  0.1524E+01  0.1579E+02
   3.229  0.1287E+01  0.1581E+02
   3.239  0.1108E+01  0.1582E+02
   3.249  0.9282E+00  0.1583E+02
   3.259  0.7489E+00  0.1584E+02
   3.269  0.5696E+00  0.1584E+02
   3.279  0.5316E+00  0.1585E+02
   3.289  0.5268E+00  0.1585E+02
   3.299  0.5220E+00  0.1586E+02
   3.309  0.5172E+00  0.1586E+02
   3.319  0.5124E+00  0.1587E+02
   3.329  0.5076E+00  0.1587E+02
   3.339  0.5028E+00  0.1588E+02
   3.349  0.4980E+00  0.1588E+02
   3.359  0.4932E+00  0.1589E+02
   3.369  0.4884E+00  0.1589E+02
   3.379  0.4836E+00  0.1590E+02
   3.389  0.4788E+00  0.1590E+02
   3.399  0.4740E+00  0.1591E+02
   3.409  0.4692E+00  0.1591E+02
   3.419  0.4644E+00  0.1592E+02
   3.429  0.4596E+00  0.1592E+02
   3.439  0.4548E+00  0.1593E+02
   3.449  0.4500E+00  0.1593E+02
   3.459  0.4452E+00  0.1594E+02
   3.469  0.4404E+00  0.1594E+02
   3.479  0.4356E+00  0.1594E+02
   3.489  0.4308E+00  0.1595E+02
   3.499  0.4260E+00  0.1595E+02
   3.509  0.4212E+00  0.1596E+02
   3.519  0.4164E+00  0.1596E+02
   3.529  0.4116E+00  0.1597E+02
   3.539  0.4068E+00  0.1597E+02
   3.549  0.4020E+00  0.1597E+02
   3.559  0.3972E+00  0.1598E+02
   3.569  0.3924E+00  0.1598E+02
   3.579  0.3532E+00  0.1599E+02
   3.589  0.3107E+00  0.1599E+02
   3.599  0.2681E+00  0.1599E+02
   3.609  0.2255E+00  0.1599E+02
   3.619  0.1829E+00  0.1600E+02
   3.629  0.1403E+00  0.1600E+02
   3.639  0.9774E-01  0.1600E+02
   3.649  0.5516E-01  0.1600E+02
   3.659  0.1258E-01  0.1600E+02
